1.68
1.68
1.65
2.21
1.68
1.68
1.62
1.71
1.71
1.75
1.78
1.71
1.71
1.65
1.59
1.65
1.71
1.68
1.68
1.65
1.62
1.56
1.71
1.71
1.68
1.62
1.59
1.59
1.53
1.59
1.46
1.62
1.59
1.56
1.62
1.56
1.62
1.43
1.53
1.59
1.56
1.56
1.53
1.62
1.68
1.56
1.56
1.59
1.59
1.50
1.53
1.62
1.50
1.56
1.59
1.62
1.43
1.62
1.43
1.40
1.59
1.46
1.46
1.59
1.65
1.59
1.68
1.43
1.53
1.62
1.46
1.50
1.56
1.59
1.50
1.59
1.59
1.59
1.53
1.59
1.59
1.46
1.53
1.43
1.53
1.46
1.46
1.56
1.40
1.34
1.46
1.37
1.50
1.50
1.43
1.31
1.40
1.43
1.34
1.43
