# Posizione angolare. Can 1 e 2. Filo C
# Tempo ( s )	Posizione angolare ( gr )
0.0000	0.0
0.0500	0.0
0.1000	0.0
0.1500	0.0
0.2000	0.0
0.2500	0.0
0.3000	-1.0
0.3500	-1.0
0.4000	-2.0
0.4500	-4.0
0.5000	-6.0
0.5500	-8.0
0.6000	-11.0
0.6500	-14.0
0.7000	-17.0
0.7500	-21.0
0.8000	-25.0
0.8500	-30.0
0.9000	-34.0
0.9500	-39.0
1.0000	-44.0
1.0500	-49.0
1.1000	-55.0
1.1500	-60.0
1.2000	-66.0
1.2500	-71.0
1.3000	-77.0
1.3500	-82.0
1.4000	-88.0
1.4500	-93.0
1.5000	-98.0
1.5500	-103.0
1.6000	-107.0
1.6500	-112.0
1.7000	-116.0
1.7500	-120.0
1.8000	-123.0
1.8500	-127.0
1.9000	-129.0
1.9500	-132.0
2.0000	-134.0
2.0500	-135.0
2.1000	-137.0
2.1500	-137.0
2.2000	-138.0
2.2500	-138.0
2.3000	-137.0
2.3500	-136.0
2.4000	-135.0
2.4500	-133.0
2.5000	-131.0
2.5500	-128.0
2.6000	-125.0
2.6500	-122.0
2.7000	-118.0
2.7500	-114.0
2.8000	-110.0
2.8500	-106.0
2.9000	-101.0
2.9500	-96.0
3.0000	-91.0
3.0500	-86.0
3.1000	-81.0
3.1500	-76.0
3.2000	-71.0
3.2500	-65.0
3.3000	-60.0
3.3500	-55.0
3.4000	-50.0
3.4500	-45.0
3.5000	-40.0
3.5500	-36.0
3.6000	-31.0
3.6500	-27.0
3.7000	-24.0
3.7500	-20.0
3.8000	-17.0
3.8500	-14.0
3.9000	-12.0
3.9500	-10.0
4.0000	-9.0
4.0500	-7.0
4.1000	-7.0
4.1500	-6.0
4.2000	-6.0
4.2500	-7.0
4.3000	-8.0
4.3500	-9.0
4.4000	-11.0
4.4500	-13.0
4.5000	-16.0
4.5500	-18.0
4.6000	-22.0
4.6500	-25.0
4.7000	-29.0
4.7500	-33.0
4.8000	-37.0
4.8500	-42.0
4.9000	-46.0
4.9500	-51.0
5.0000	-56.0
5.0500	-61.0
5.1000	-66.0
5.1500	-71.0
5.2000	-76.0
5.2500	-81.0
5.3000	-86.0
5.3500	-91.0
5.4000	-96.0
5.4500	-100.0
5.5000	-105.0
5.5500	-109.0
5.6000	-113.0
5.6500	-116.0
5.7000	-119.0
5.7500	-122.0
5.8000	-125.0
5.8500	-127.0
5.9000	-129.0
5.9500	-130.0
6.0000	-132.0
6.0500	-132.0
6.1000	-133.0
6.1500	-132.0
6.2000	-132.0
6.2500	-131.0
6.3000	-130.0
6.3500	-128.0
6.4000	-126.0
6.4500	-124.0
6.5000	-121.0
6.5500	-118.0
6.6000	-115.0
6.6500	-111.0
6.7000	-107.0
6.7500	-103.0
6.8000	-99.0
6.8500	-94.0
6.9000	-90.0
6.9500	-85.0
7.0000	-80.0
7.0500	-75.0
7.1000	-71.0
7.1500	-66.0
7.2000	-61.0
7.2500	-56.0
7.3000	-51.0
7.3500	-47.0
7.4000	-42.0
7.4500	-38.0
7.5000	-34.0
7.5500	-31.0
7.6000	-27.0
7.6500	-24.0
7.7000	-21.0
7.7500	-19.0
7.8000	-16.0
7.8500	-15.0
7.9000	-13.0
7.9500	-12.0
8.0000	-11.0
8.0500	-11.0
8.1000	-11.0
8.1500	-12.0
8.2000	-13.0
8.2500	-14.0
8.3000	-16.0
8.3500	-17.0
8.4000	-20.0
8.4500	-22.0
8.5000	-25.0
8.5500	-29.0
8.6000	-32.0
8.6500	-36.0
8.7000	-40.0
8.7500	-44.0
8.8000	-48.0
8.8500	-53.0
8.9000	-57.0
8.9500	-62.0
9.0000	-67.0
9.0500	-72.0
9.1000	-76.0
9.1500	-81.0
9.2000	-85.0
9.2500	-90.0
9.3000	-94.0
9.3500	-98.0
9.4000	-102.0
9.4500	-106.0
9.5000	-110.0
9.5500	-113.0
9.6000	-116.0
9.6500	-119.0
9.7000	-121.0
9.7500	-123.0
9.8000	-125.0
9.8500	-126.0
9.9000	-127.0
9.9500	-128.0
10.0000	-128.0
10.0500	-128.0
10.1000	-127.0
10.1500	-126.0
10.2000	-125.0
10.2500	-124.0
10.3000	-122.0
10.3500	-119.0
10.4000	-117.0
10.4500	-114.0
10.5000	-111.0
10.5500	-108.0
10.6000	-104.0
10.6500	-100.0
10.7000	-96.0
10.7500	-92.0
10.8000	-88.0
10.8500	-84.0
10.9000	-79.0
10.9500	-75.0
11.0000	-70.0
11.0500	-66.0
11.1000	-61.0
11.1500	-57.0
11.2000	-53.0
11.2500	-48.0
11.3000	-44.0
11.3500	-40.0
11.4000	-37.0
11.4500	-33.0
11.5000	-30.0
11.5500	-27.0
11.6000	-25.0
11.6500	-22.0
11.7000	-20.0
11.7500	-19.0
11.8000	-18.0
11.8500	-17.0
11.9000	-16.0
11.9500	-16.0
12.0000	-16.0
12.0500	-16.0
12.1000	-17.0
12.1500	-18.0
12.2000	-20.0
12.2500	-22.0
12.3000	-24.0
12.3500	-26.0
12.4000	-29.0
12.4500	-32.0
12.5000	-36.0
12.5500	-39.0
12.6000	-43.0
12.6500	-47.0
12.7000	-51.0
12.7500	-55.0
12.8000	-59.0
12.8500	-63.0
12.9000	-68.0
12.9500	-72.0
13.0000	-76.0
13.0500	-81.0
13.1000	-85.0
13.1500	-89.0
13.2000	-93.0
13.2500	-97.0
13.3000	-100.0
13.3500	-104.0
13.4000	-107.0
13.4500	-110.0
13.5000	-113.0
13.5500	-115.0
13.6000	-117.0
13.6500	-119.0
13.7000	-121.0
13.7500	-122.0
13.8000	-123.0
13.8500	-123.0
13.9000	-123.0
13.9500	-123.0
14.0000	-123.0
14.0500	-122.0
14.1000	-121.0
14.1500	-119.0
14.2000	-117.0
14.2500	-115.0
14.3000	-113.0
14.3500	-110.0
14.4000	-107.0
14.4500	-104.0
14.5000	-101.0
14.5500	-97.0
14.6000	-94.0
14.6500	-90.0
14.7000	-86.0
14.7500	-82.0
14.8000	-78.0
14.8500	-74.0
14.9000	-69.0
14.9500	-65.0
15.0000	-61.0
15.0500	-57.0
15.1000	-53.0
15.1500	-49.0
15.2000	-46.0
15.2500	-42.0
15.3000	-39.0
15.3500	-36.0
15.4000	-33.0
15.4500	-30.0
15.5000	-28.0
15.5500	-26.0
15.6000	-24.0
15.6500	-23.0
15.7000	-21.0
15.7500	-21.0
15.8000	-20.0
15.8500	-20.0
15.9000	-20.0
15.9500	-21.0
16.0000	-22.0
16.0500	-23.0
16.1000	-24.0
16.1500	-26.0
16.2000	-28.0
16.2500	-30.0
16.3000	-33.0
16.3500	-36.0
16.4000	-39.0
16.4500	-42.0
16.5000	-46.0
16.5500	-49.0
16.6000	-53.0
16.6500	-57.0
16.7000	-61.0
16.7500	-65.0
16.8000	-69.0
16.8500	-73.0
16.9000	-77.0
16.9500	-80.0
17.0000	-84.0
17.0500	-88.0
17.1000	-92.0
17.1500	-95.0
17.2000	-99.0
17.2500	-102.0
17.3000	-105.0
17.3500	-107.0
17.4000	-110.0
17.4500	-112.0
17.5000	-114.0
17.5500	-116.0
17.6000	-117.0
17.6500	-118.0
17.7000	-119.0
17.7500	-119.0
17.8000	-119.0
17.8500	-119.0
17.9000	-118.0
17.9500	-117.0
18.0000	-116.0
18.0500	-115.0
18.1000	-113.0
18.1500	-111.0
18.2000	-109.0
18.2500	-106.0
18.3000	-104.0
18.3500	-101.0
18.4000	-98.0
18.4500	-94.0
18.5000	-91.0
18.5500	-87.0
18.6000	-84.0
18.6500	-80.0
18.7000	-76.0
18.7500	-72.0
18.8000	-68.0
18.8500	-65.0
18.9000	-61.0
18.9500	-57.0
19.0000	-54.0
19.0500	-50.0
19.1000	-47.0
19.1500	-44.0
19.2000	-41.0
19.2500	-38.0
19.3000	-35.0
19.3500	-33.0
19.4000	-31.0
19.4500	-29.0
19.5000	-27.0
19.5500	-26.0
19.6000	-25.0
19.6500	-24.0
19.7000	-24.0
19.7500	-24.0
19.8000	-24.0
19.8500	-25.0
19.9000	-26.0
19.9500	-27.0
20.0000	-28.0
20.0500	-30.0
20.1000	-32.0
20.1500	-34.0
20.2000	-37.0
20.2500	-39.0
20.3000	-42.0
20.3500	-45.0
20.4000	-48.0
20.4500	-52.0
20.5000	-55.0
20.5500	-59.0
20.6000	-62.0
20.6500	-66.0
20.7000	-70.0
20.7500	-73.0
20.8000	-77.0
20.8500	-81.0
20.9000	-84.0
20.9500	-88.0
21.0000	-91.0
21.0500	-94.0
21.1000	-97.0
21.1500	-100.0
21.2000	-103.0
21.2500	-105.0
21.3000	-107.0
21.3500	-109.0
21.4000	-111.0
21.4500	-112.0
21.5000	-113.0
21.5500	-114.0
21.6000	-115.0
21.6500	-115.0
21.7000	-115.0
21.7500	-115.0
21.8000	-114.0
21.8500	-113.0
21.9000	-112.0
21.9500	-111.0
22.0000	-109.0
22.0500	-107.0
22.1000	-105.0
22.1500	-103.0
22.2000	-100.0
22.2500	-97.0
22.3000	-94.0
22.3500	-91.0
22.4000	-88.0
22.4500	-85.0
22.5000	-81.0
22.5500	-78.0
22.6000	-74.0
22.6500	-71.0
22.7000	-67.0
22.7500	-64.0
22.8000	-60.0
22.8500	-57.0
22.9000	-54.0
22.9500	-51.0
23.0000	-48.0
23.0500	-45.0
23.1000	-42.0
23.1500	-39.0
23.2000	-37.0
23.2500	-35.0
23.3000	-33.0
23.3500	-32.0
23.4000	-30.0
23.4500	-29.0
23.5000	-28.0
23.5500	-28.0
23.6000	-28.0
23.6500	-28.0
23.7000	-28.0
23.7500	-29.0
23.8000	-30.0
23.8500	-31.0
23.9000	-32.0
23.9500	-34.0
24.0000	-36.0
24.0500	-38.0
24.1000	-40.0
24.1500	-43.0
24.2000	-45.0
24.2500	-48.0
24.3000	-51.0
24.3500	-54.0
24.4000	-58.0
24.4500	-61.0
24.5000	-64.0
24.5500	-68.0
24.6000	-71.0
24.6500	-74.0
24.7000	-78.0
24.7500	-81.0
24.8000	-84.0
24.8500	-87.0
24.9000	-90.0
24.9500	-93.0
25.0000	-96.0
25.0500	-98.0
25.1000	-101.0
25.1500	-103.0
25.2000	-105.0
25.2500	-107.0
25.3000	-108.0
25.3500	-109.0
25.4000	-110.0
25.4500	-111.0
25.5000	-111.0
25.5500	-111.0
25.6000	-111.0
25.6500	-111.0
25.7000	-110.0
25.7500	-109.0
25.8000	-108.0
25.8500	-107.0
25.9000	-105.0
25.9500	-103.0
26.0000	-101.0
26.0500	-99.0
26.1000	-97.0
26.1500	-94.0
26.2000	-91.0
26.2500	-88.0
26.3000	-85.0
26.3500	-82.0
26.4000	-79.0
26.4500	-76.0
26.5000	-73.0
26.5500	-70.0
26.6000	-66.0
26.6500	-63.0
26.7000	-60.0
26.7500	-57.0
26.8000	-54.0
26.8500	-51.0
26.9000	-48.0
26.9500	-46.0
27.0000	-43.0
27.0500	-41.0
27.1000	-39.0
27.1500	-37.0
27.2000	-36.0
27.2500	-34.0
27.3000	-33.0
27.3500	-32.0
27.4000	-32.0
27.4500	-31.0
27.5000	-31.0
27.5500	-31.0
27.6000	-32.0
27.6500	-32.0
27.7000	-33.0
27.7500	-35.0
27.8000	-36.0
27.8500	-38.0
27.9000	-39.0
27.9500	-41.0
28.0000	-44.0
28.0500	-46.0
28.1000	-49.0
28.1500	-51.0
28.2000	-54.0
28.2500	-57.0
28.3000	-60.0
28.3500	-63.0
28.4000	-66.0
28.4500	-69.0
28.5000	-72.0
28.5500	-75.0
28.6000	-78.0
28.6500	-81.0
28.7000	-84.0
28.7500	-87.0
28.8000	-90.0
28.8500	-92.0
28.9000	-95.0
28.9500	-97.0
29.0000	-99.0
29.0500	-101.0
29.1000	-103.0
29.1500	-104.0
29.2000	-105.0
29.2500	-106.0
29.3000	-107.0
29.3500	-108.0
29.4000	-108.0
29.4500	-108.0
29.5000	-108.0
29.5500	-107.0
29.6000	-107.0
29.6500	-106.0
29.7000	-104.0
29.7500	-103.0
29.8000	-101.0
29.8500	-100.0
29.9000	-98.0
29.9500	-96.0
30.0000	-93.0
30.0500	-91.0
30.1000	-88.0
30.1500	-86.0
30.2000	-83.0
30.2500	-80.0
30.3000	-77.0
30.3500	-74.0
30.4000	-71.0
30.4500	-68.0
30.5000	-65.0
30.5500	-62.0
30.6000	-59.0
30.6500	-57.0
30.7000	-54.0
30.7500	-51.0
30.8000	-49.0
30.8500	-47.0
30.9000	-45.0
30.9500	-43.0
31.0000	-41.0
31.0500	-39.0
31.1000	-38.0
31.1500	-37.0
31.2000	-36.0
31.2500	-35.0
31.3000	-35.0
31.3500	-35.0
31.4000	-35.0
31.4500	-35.0
31.5000	-35.0
31.5500	-36.0
31.6000	-37.0
31.6500	-38.0
31.7000	-40.0
31.7500	-41.0
31.8000	-43.0
31.8500	-45.0
31.9000	-47.0
31.9500	-49.0
32.0000	-52.0
32.0500	-54.0
32.1000	-57.0
32.1500	-60.0
32.2000	-62.0
32.2500	-65.0
32.3000	-68.0
32.3500	-71.0
32.4000	-74.0
32.4500	-76.0
32.5000	-79.0
32.5500	-82.0
32.6000	-85.0
32.6500	-87.0
32.7000	-89.0
32.7500	-92.0
32.8000	-94.0
32.8500	-96.0
32.9000	-98.0
32.9500	-99.0
33.0000	-101.0
33.0500	-102.0
33.1000	-103.0
33.1500	-104.0
33.2000	-104.0
33.2500	-105.0
33.3000	-105.0
33.3500	-105.0
33.4000	-104.0
33.4500	-104.0
33.5000	-103.0
33.5500	-102.0
33.6000	-101.0
33.6500	-99.0
33.7000	-98.0
33.7500	-96.0
33.8000	-94.0
33.8500	-92.0
33.9000	-90.0
33.9500	-88.0
34.0000	-85.0
34.0500	-83.0
34.1000	-80.0
34.1500	-78.0
34.2000	-75.0
34.2500	-72.0
34.3000	-69.0
34.3500	-67.0
34.4000	-64.0
34.4500	-61.0
34.5000	-59.0
34.5500	-56.0
34.6000	-54.0
34.6500	-52.0
34.7000	-50.0
34.7500	-48.0
34.8000	-46.0
34.8500	-44.0
34.9000	-43.0
34.9500	-41.0
35.0000	-40.0
35.0500	-39.0
35.1000	-38.0
35.1500	-38.0
35.2000	-38.0
35.2500	-38.0
35.3000	-38.0
35.3500	-38.0
35.4000	-39.0
35.4500	-39.0
35.5000	-40.0
35.5500	-42.0
35.6000	-43.0
35.6500	-45.0
35.7000	-46.0
35.7500	-48.0
35.8000	-50.0
35.8500	-52.0
35.9000	-55.0
35.9500	-57.0
36.0000	-59.0
36.0500	-62.0
36.1000	-64.0
36.1500	-67.0
36.2000	-70.0
36.2500	-72.0
36.3000	-75.0
36.3500	-77.0
36.4000	-80.0
36.4500	-82.0
36.5000	-85.0
36.5500	-87.0
36.6000	-89.0
36.6500	-91.0
36.7000	-93.0
36.7500	-95.0
36.8000	-96.0
36.8500	-97.0
36.9000	-99.0
36.9500	-100.0
37.0000	-100.0
37.0500	-101.0
37.1000	-101.0
37.1500	-102.0
37.2000	-102.0
37.2500	-101.0
37.3000	-101.0
37.3500	-100.0
37.4000	-100.0
37.4500	-99.0
37.5000	-97.0
37.5500	-96.0
37.6000	-95.0
37.6500	-93.0
37.7000	-91.0
37.7500	-89.0
37.8000	-87.0
37.8500	-85.0
37.9000	-83.0
37.9500	-80.0
38.0000	-78.0
38.0500	-75.0
38.1000	-73.0
38.1500	-70.0
38.2000	-68.0
38.2500	-66.0
38.3000	-63.0
38.3500	-61.0
38.4000	-58.0
38.4500	-56.0
38.5000	-54.0
38.5500	-52.0
38.6000	-50.0
38.6500	-48.0
38.7000	-47.0
38.7500	-45.0
38.8000	-44.0
38.8500	-43.0
38.9000	-42.0
38.9500	-42.0
39.0000	-41.0
39.0500	-41.0
39.1000	-41.0
39.1500	-41.0
39.2000	-41.0
39.2500	-41.0
39.3000	-42.0
39.3500	-43.0
39.4000	-44.0
39.4500	-45.0
39.5000	-46.0
39.5500	-48.0
39.6000	-50.0
39.6500	-51.0
39.7000	-53.0
39.7500	-55.0
39.8000	-57.0
39.8500	-60.0
39.9000	-62.0
39.9500	-64.0
40.0000	-67.0
40.0500	-69.0
40.1000	-71.0
40.1500	-74.0
40.2000	-76.0
40.2500	-78.0
40.3000	-80.0
40.3500	-83.0
40.4000	-85.0
40.4500	-87.0
40.5000	-89.0
40.5500	-90.0
40.6000	-92.0
40.6500	-93.0
40.7000	-95.0
40.7500	-96.0
40.8000	-97.0
40.8500	-98.0
40.9000	-98.0
40.9500	-99.0
41.0000	-99.0
41.0500	-99.0
41.1000	-99.0
41.1500	-98.0
41.2000	-98.0
41.2500	-97.0
41.3000	-96.0
41.3500	-95.0
41.4000	-94.0
41.4500	-93.0
41.5000	-91.0
41.5500	-89.0
41.6000	-88.0
41.6500	-86.0
41.7000	-84.0
41.7500	-82.0
41.8000	-80.0
41.8500	-78.0
41.9000	-75.0
41.9500	-73.0
42.0000	-71.0
42.0500	-69.0
42.1000	-66.0
42.1500	-64.0
42.2000	-62.0
42.2500	-60.0
42.3000	-58.0
42.3500	-56.0
42.4000	-54.0
42.4500	-52.0
42.5000	-51.0
42.5500	-49.0
42.6000	-48.0
42.6500	-47.0
42.7000	-46.0
42.7500	-45.0
42.8000	-44.0
42.8500	-44.0
42.9000	-43.0
42.9500	-43.0
43.0000	-43.0
43.0500	-44.0
43.1000	-44.0
43.1500	-45.0
43.2000	-45.0
43.2500	-46.0
43.3000	-47.0
43.3500	-48.0
43.4000	-50.0
43.4500	-51.0
43.5000	-53.0
43.5500	-55.0
43.6000	-56.0
43.6500	-58.0
43.7000	-60.0
43.7500	-62.0
43.8000	-64.0
43.8500	-66.0
43.9000	-69.0
43.9500	-71.0
44.0000	-73.0
44.0500	-75.0
44.1000	-77.0
44.1500	-79.0
44.2000	-81.0
44.2500	-83.0
44.3000	-85.0
44.3500	-86.0
44.4000	-88.0
44.4500	-90.0
44.5000	-91.0
44.5500	-92.0
44.6000	-93.0
44.6500	-94.0
44.7000	-95.0
44.7500	-95.0
44.8000	-96.0
44.8500	-96.0
44.9000	-96.0
44.9500	-96.0
45.0000	-96.0
45.0500	-95.0
45.1000	-95.0
45.1500	-94.0
45.2000	-93.0
45.2500	-92.0
45.3000	-91.0
45.3500	-89.0
45.4000	-88.0
45.4500	-86.0
45.5000	-85.0
45.5500	-83.0
45.6000	-81.0
45.6500	-79.0
45.7000	-77.0
45.7500	-75.0
45.8000	-73.0
45.8500	-71.0
45.9000	-69.0
45.9500	-67.0
46.0000	-65.0
46.0500	-63.0
46.1000	-61.0
46.1500	-59.0
46.2000	-58.0
46.2500	-56.0
46.3000	-54.0
46.3500	-53.0
46.4000	-52.0
46.4500	-50.0
46.5000	-49.0
46.5500	-48.0
46.6000	-48.0
46.6500	-47.0
46.7000	-46.0
46.7500	-46.0
46.8000	-46.0
46.8500	-46.0
46.9000	-46.0
46.9500	-47.0
47.0000	-47.0
47.0500	-48.0
47.1000	-48.0
47.1500	-49.0
47.2000	-50.0
47.2500	-52.0
47.3000	-53.0
47.3500	-54.0
47.4000	-56.0
47.4500	-58.0
47.5000	-59.0
47.5500	-61.0
47.6000	-63.0
47.6500	-65.0
47.7000	-67.0
47.7500	-69.0
47.8000	-71.0
47.8500	-72.0
47.9000	-74.0
47.9500	-76.0
48.0000	-78.0
48.0500	-80.0
48.1000	-82.0
48.1500	-83.0
48.2000	-85.0
48.2500	-86.0
48.3000	-88.0
48.3500	-89.0
48.4000	-90.0
48.4500	-91.0
48.5000	-92.0
48.5500	-92.0
48.6000	-93.0
48.6500	-93.0
48.7000	-93.0
48.7500	-93.0
48.8000	-93.0
48.8500	-93.0
48.9000	-93.0
48.9500	-92.0
49.0000	-92.0
49.0500	-91.0
49.1000	-90.0
49.1500	-89.0
49.2000	-88.0
49.2500	-86.0
49.3000	-85.0
49.3500	-83.0
49.4000	-82.0
49.4500	-80.0
49.5000	-79.0
49.5500	-77.0
49.6000	-75.0
49.6500	-73.0
49.7000	-71.0
49.7500	-69.0
49.8000	-68.0
49.8500	-66.0
49.9000	-64.0
49.9500	-62.0
50.0000	-61.0
50.0500	-59.0
50.1000	-58.0
50.1500	-56.0
50.2000	-55.0
50.2500	-54.0
50.3000	-53.0
50.3500	-52.0
50.4000	-51.0
50.4500	-50.0
50.5000	-49.0
50.5500	-49.0
50.6000	-49.0
50.6500	-49.0
50.7000	-49.0
50.7500	-49.0
50.8000	-49.0
50.8500	-49.0
50.9000	-50.0
50.9500	-51.0
51.0000	-52.0
51.0500	-53.0
51.1000	-54.0
51.1500	-55.0
51.2000	-56.0
51.2500	-57.0
51.3000	-59.0
51.3500	-60.0
51.4000	-62.0
51.4500	-64.0
51.5000	-65.0
51.5500	-67.0
51.6000	-69.0
51.6500	-71.0
51.7000	-72.0
51.7500	-74.0
51.8000	-76.0
51.8500	-77.0
51.9000	-79.0
51.9500	-80.0
52.0000	-82.0
52.0500	-83.0
52.1000	-85.0
52.1500	-86.0
52.2000	-87.0
52.2500	-88.0
52.3000	-89.0
52.3500	-89.0
52.4000	-90.0
52.4500	-90.0
52.5000	-91.0
52.5500	-91.0
52.6000	-91.0
52.6500	-91.0
52.7000	-91.0
52.7500	-90.0
52.8000	-90.0
52.8500	-89.0
52.9000	-88.0
52.9500	-88.0
53.0000	-87.0
53.0500	-86.0
53.1000	-84.0
53.1500	-83.0
53.2000	-82.0
53.2500	-80.0
53.3000	-79.0
53.3500	-77.0
53.4000	-76.0
53.4500	-74.0
53.5000	-73.0
53.5500	-71.0
53.6000	-69.0
53.6500	-68.0
53.7000	-66.0
53.7500	-65.0
53.8000	-63.0
53.8500	-62.0
53.9000	-60.0
53.9500	-59.0
54.0000	-58.0
54.0500	-56.0
54.1000	-55.0
54.1500	-54.0
54.2000	-53.0
54.2500	-53.0
54.3000	-52.0
54.3500	-52.0
54.4000	-51.0
54.4500	-51.0
54.5000	-51.0
54.5500	-51.0
54.6000	-51.0
54.6500	-51.0
54.7000	-52.0
54.7500	-52.0
54.8000	-53.0
54.8500	-54.0
54.9000	-54.0
54.9500	-55.0
55.0000	-56.0
55.0500	-58.0
55.1000	-59.0
55.1500	-60.0
55.2000	-61.0
55.2500	-63.0
55.3000	-64.0
55.3500	-66.0
55.4000	-67.0
55.4500	-69.0
55.5000	-70.0
55.5500	-72.0
55.6000	-73.0
55.6500	-75.0
55.7000	-76.0
55.7500	-78.0
55.8000	-79.0
55.8500	-80.0
55.9000	-82.0
55.9500	-83.0
56.0000	-84.0
56.0500	-85.0
56.1000	-86.0
56.1500	-86.0
56.2000	-87.0
56.2500	-88.0
56.3000	-88.0
56.3500	-88.0
56.4000	-89.0
56.4500	-89.0
56.5000	-89.0
56.5500	-88.0
56.6000	-88.0
56.6500	-88.0
56.7000	-87.0
56.7500	-86.0
56.8000	-85.0
56.8500	-85.0
56.9000	-84.0
56.9500	-83.0
57.0000	-81.0
57.0500	-80.0
57.1000	-79.0
57.1500	-78.0
57.2000	-76.0
57.2500	-75.0
57.3000	-74.0
57.3500	-72.0
57.4000	-71.0
57.4500	-69.0
57.5000	-68.0
57.5500	-66.0
57.6000	-65.0
57.6500	-64.0
57.7000	-62.0
57.7500	-61.0
57.8000	-60.0
57.8500	-59.0
57.9000	-58.0
57.9500	-57.0
58.0000	-56.0
58.0500	-55.0
58.1000	-55.0
58.1500	-54.0
58.2000	-54.0
58.2500	-54.0
58.3000	-53.0
58.3500	-53.0
58.4000	-53.0
58.4500	-54.0
58.5000	-54.0
58.5500	-54.0
58.6000	-55.0
58.6500	-55.0
58.7000	-56.0
58.7500	-57.0
58.8000	-58.0
58.8500	-59.0
58.9000	-60.0
58.9500	-61.0
59.0000	-62.0
59.0500	-63.0
59.1000	-64.0
59.1500	-66.0
59.2000	-67.0
59.2500	-68.0
59.3000	-70.0
59.3500	-71.0
59.4000	-72.0
59.4500	-74.0
59.5000	-75.0
59.5500	-76.0
59.6000	-77.0
59.6500	-79.0
59.7000	-80.0
59.7500	-81.0
59.8000	-82.0
59.8500	-82.0
59.9000	-83.0
59.9500	-84.0
60.0000	-85.0
60.0500	-85.0
60.1000	-86.0
60.1500	-86.0
60.2000	-86.0
60.2500	-86.0
60.3000	-86.0
60.3500	-86.0
60.4000	-86.0
60.4500	-86.0
60.5000	-85.0
60.5500	-85.0
60.6000	-84.0
60.6500	-83.0
60.7000	-83.0
60.7500	-82.0
60.8000	-81.0
60.8500	-80.0
60.9000	-79.0
60.9500	-78.0
61.0000	-77.0
61.0500	-76.0
61.1000	-74.0
61.1500	-73.0
61.2000	-72.0
61.2500	-71.0
61.3000	-69.0
61.3500	-68.0
61.4000	-67.0
61.4500	-66.0
61.5000	-65.0
61.5500	-63.0
61.6000	-62.0
61.6500	-61.0
61.7000	-60.0
61.7500	-60.0
61.8000	-59.0
61.8500	-58.0
61.9000	-57.0
61.9500	-57.0
62.0000	-56.0
62.0500	-56.0
62.1000	-56.0
62.1500	-56.0
62.2000	-56.0
62.2500	-56.0
62.3000	-56.0
62.3500	-56.0
62.4000	-56.0
62.4500	-57.0
62.5000	-57.0
62.5500	-58.0
62.6000	-59.0
62.6500	-60.0
62.7000	-60.0
62.7500	-61.0
62.8000	-62.0
62.8500	-63.0
62.9000	-64.0
62.9500	-65.0
63.0000	-67.0
63.0500	-68.0
63.1000	-69.0
63.1500	-70.0
63.2000	-71.0
63.2500	-72.0
63.3000	-73.0
63.3500	-75.0
63.4000	-76.0
63.4500	-77.0
63.5000	-78.0
63.5500	-79.0
63.6000	-79.0
63.6500	-80.0
63.7000	-81.0
63.7500	-82.0
63.8000	-82.0
63.8500	-83.0
63.9000	-83.0
63.9500	-84.0
64.0000	-84.0
64.0500	-84.0
64.1000	-84.0
64.1500	-84.0
64.2000	-84.0
64.2500	-84.0
64.3000	-83.0
64.3500	-83.0
64.4000	-83.0
64.4500	-82.0
64.5000	-81.0
64.5500	-81.0
64.6000	-80.0
64.6500	-79.0
64.7000	-78.0
64.7500	-77.0
64.8000	-76.0
64.8500	-75.0
64.9000	-74.0
64.9500	-73.0
65.0000	-72.0
65.0500	-71.0
65.1000	-70.0
65.1500	-69.0
65.2000	-68.0
65.2500	-67.0
65.3000	-66.0
65.3500	-65.0
65.4000	-64.0
65.4500	-63.0
65.5000	-62.0
65.5500	-62.0
65.6000	-61.0
65.6500	-60.0
65.7000	-60.0
65.7500	-59.0
65.8000	-59.0
65.8500	-58.0
65.9000	-58.0
65.9500	-58.0
66.0000	-58.0
66.0500	-58.0
66.1000	-58.0
66.1500	-58.0
66.2000	-58.0
66.2500	-59.0
66.3000	-59.0
66.3500	-60.0
66.4000	-60.0
66.4500	-61.0
66.5000	-61.0
66.5500	-62.0
66.6000	-63.0
66.6500	-64.0
66.7000	-65.0
66.7500	-66.0
66.8000	-66.0
66.8500	-67.0
66.9000	-68.0
66.9500	-69.0
67.0000	-70.0
67.0500	-71.0
67.1000	-72.0
67.1500	-73.0
67.2000	-74.0
67.2500	-75.0
67.3000	-76.0
67.3500	-77.0
67.4000	-78.0
67.4500	-78.0
67.5000	-79.0
67.5500	-80.0
67.6000	-80.0
67.6500	-81.0
67.7000	-81.0
67.7500	-81.0
67.8000	-82.0
67.8500	-82.0
67.9000	-82.0
67.9500	-82.0
68.0000	-82.0
68.0500	-82.0
68.1000	-81.0
68.1500	-81.0
68.2000	-81.0
68.2500	-80.0
68.3000	-80.0
68.3500	-79.0
68.4000	-79.0
68.4500	-78.0
68.5000	-77.0
68.5500	-76.0
68.6000	-76.0
68.6500	-75.0
68.7000	-74.0
68.7500	-73.0
68.8000	-72.0
68.8500	-71.0
68.9000	-70.0
68.9500	-69.0
69.0000	-69.0
69.0500	-68.0
69.1000	-67.0
69.1500	-66.0
69.2000	-65.0
69.2500	-64.0
69.3000	-64.0
69.3500	-63.0
69.4000	-62.0
69.4500	-62.0
69.5000	-61.0
69.5500	-61.0
69.6000	-61.0
69.6500	-60.0
69.7000	-60.0
69.7500	-60.0
69.8000	-60.0
69.8500	-60.0
69.9000	-60.0
69.9500	-60.0
70.0000	-60.0
70.0500	-61.0
70.1000	-61.0
70.1500	-61.0
70.2000	-62.0
70.2500	-62.0
70.3000	-63.0
70.3500	-64.0
70.4000	-64.0
70.4500	-65.0
70.5000	-66.0
70.5500	-66.0
70.6000	-67.0
70.6500	-68.0
70.7000	-69.0
70.7500	-70.0
70.8000	-70.0
70.8500	-71.0
70.9000	-72.0
70.9500	-73.0
71.0000	-74.0
71.0500	-74.0
71.1000	-75.0
71.1500	-76.0
71.2000	-76.0
71.2500	-77.0
71.3000	-78.0
71.3500	-78.0
71.4000	-79.0
71.4500	-79.0
71.5000	-79.0
71.5500	-79.0
71.6000	-80.0
71.6500	-80.0
71.7000	-80.0
71.7500	-80.0
71.8000	-80.0
71.8500	-80.0
71.9000	-79.0
71.9500	-79.0
72.0000	-79.0
72.0500	-78.0
72.1000	-78.0
72.1500	-78.0
72.2000	-77.0
72.2500	-76.0
72.3000	-76.0
72.3500	-75.0
72.4000	-75.0
72.4500	-74.0
72.5000	-73.0
72.5500	-72.0
72.6000	-72.0
72.6500	-71.0
72.7000	-70.0
72.7500	-70.0
72.8000	-69.0
72.8500	-68.0
72.9000	-67.0
72.9500	-67.0
73.0000	-66.0
73.0500	-65.0
73.1000	-65.0
73.1500	-64.0
73.2000	-64.0
73.2500	-63.0
73.3000	-63.0
73.3500	-63.0
73.4000	-62.0
73.4500	-62.0
73.5000	-62.0
73.5500	-62.0
73.6000	-62.0
73.6500	-62.0
73.7000	-62.0
73.7500	-62.0
73.8000	-62.0
73.8500	-62.0
73.9000	-63.0
73.9500	-63.0
74.0000	-63.0
74.0500	-64.0
74.1000	-64.0
74.1500	-65.0
74.2000	-65.0
74.2500	-66.0
74.3000	-67.0
74.3500	-67.0
74.4000	-68.0
74.4500	-69.0
74.5000	-69.0
74.5500	-70.0
74.6000	-71.0
74.6500	-71.0
74.7000	-72.0
74.7500	-72.0
74.8000	-73.0
74.8500	-74.0
74.9000	-74.0
74.9500	-75.0
75.0000	-75.0
75.0500	-76.0
75.1000	-76.0
75.1500	-77.0
75.2000	-77.0
75.2500	-77.0
75.3000	-77.0
75.3500	-78.0
75.4000	-78.0
75.4500	-78.0
75.5000	-78.0
75.5500	-78.0
75.6000	-78.0
75.6500	-78.0
75.7000	-78.0
75.7500	-77.0
75.8000	-77.0
75.8500	-77.0
75.9000	-76.0
75.9500	-76.0
76.0000	-76.0
76.0500	-75.0
76.1000	-75.0
76.1500	-74.0
76.2000	-74.0
76.2500	-73.0
76.3000	-73.0
76.3500	-72.0
76.4000	-71.0
76.4500	-71.0
76.5000	-70.0
76.5500	-70.0
76.6000	-69.0
76.6500	-69.0
76.7000	-68.0
76.7500	-68.0
76.8000	-67.0
76.8500	-67.0
76.9000	-66.0
76.9500	-66.0
77.0000	-65.0
77.0500	-65.0
77.1000	-65.0
77.1500	-64.0
77.2000	-64.0
77.2500	-64.0
77.3000	-64.0
77.3500	-64.0
77.4000	-64.0
77.4500	-64.0
77.5000	-64.0
77.5500	-64.0
77.6000	-64.0
77.6500	-64.0
77.7000	-65.0
77.7500	-65.0
77.8000	-65.0
77.8500	-66.0
77.9000	-66.0
77.9500	-66.0
78.0000	-67.0
78.0500	-67.0
78.1000	-68.0
78.1500	-68.0
78.2000	-69.0
78.2500	-69.0
78.3000	-70.0
78.3500	-70.0
78.4000	-71.0
78.4500	-71.0
78.5000	-72.0
78.5500	-72.0
78.6000	-73.0
78.6500	-73.0
78.7000	-74.0
78.7500	-74.0
78.8000	-74.0
78.8500	-75.0
78.9000	-75.0
78.9500	-75.0
79.0000	-75.0
79.0500	-76.0
79.1000	-76.0
79.1500	-76.0
79.2000	-76.0
79.2500	-76.0
79.3000	-76.0
79.3500	-76.0
79.4000	-76.0
79.4500	-76.0
79.5000	-76.0
79.5500	-75.0
79.6000	-75.0
79.6500	-75.0
79.7000	-75.0
79.7500	-74.0
79.8000	-74.0
79.8500	-74.0
79.9000	-73.0
79.9500	-73.0
80.0000	-72.0
80.0500	-72.0
80.1000	-72.0
80.1500	-71.0
80.2000	-71.0
80.2500	-70.0
80.3000	-70.0
80.3500	-69.0
80.4000	-69.0
80.4500	-69.0
80.5000	-68.0
80.5500	-68.0
80.6000	-68.0
80.6500	-67.0
80.7000	-67.0
80.7500	-67.0
80.8000	-66.0
80.8500	-66.0
80.9000	-66.0
80.9500	-66.0
81.0000	-66.0
81.0500	-66.0
81.1000	-66.0
81.1500	-66.0
81.2000	-66.0
81.2500	-66.0
81.3000	-66.0
81.3500	-66.0
81.4000	-66.0
81.4500	-66.0
81.5000	-66.0
81.5500	-67.0
81.6000	-67.0
81.6500	-67.0
81.7000	-68.0
81.7500	-68.0
81.8000	-68.0
81.8500	-68.0
81.9000	-69.0
81.9500	-69.0
82.0000	-70.0
82.0500	-70.0
82.1000	-70.0
82.1500	-71.0
82.2000	-71.0
82.2500	-71.0
82.3000	-72.0
82.3500	-72.0
82.4000	-72.0
82.4500	-72.0
82.5000	-73.0
82.5500	-73.0
82.6000	-73.0
82.6500	-73.0
82.7000	-74.0
82.7500	-74.0
82.8000	-74.0
82.8500	-74.0
82.9000	-74.0
82.9500	-74.0
83.0000	-74.0
83.0500	-74.0
83.1000	-74.0
83.1500	-74.0
83.2000	-74.0
83.2500	-74.0
83.3000	-74.0
83.3500	-74.0
83.4000	-74.0
83.4500	-73.0
83.5000	-73.0
83.5500	-73.0
83.6000	-73.0
83.6500	-73.0
83.7000	-72.0
83.7500	-72.0
83.8000	-72.0
83.8500	-72.0
83.9000	-71.0
83.9500	-71.0
84.0000	-71.0
84.0500	-70.0
84.1000	-70.0
84.1500	-70.0
84.2000	-70.0
84.2500	-69.0
84.3000	-69.0
84.3500	-69.0
84.4000	-69.0
84.4500	-68.0
84.5000	-68.0
84.5500	-68.0
84.6000	-68.0
84.6500	-68.0
84.7000	-68.0
84.7500	-68.0
84.8000	-68.0
84.8500	-67.0
84.9000	-67.0
84.9500	-67.0
85.0000	-67.0
85.0500	-67.0
85.1000	-67.0
85.1500	-67.0
85.2000	-68.0
85.2500	-68.0
85.3000	-68.0
85.3500	-68.0
85.4000	-68.0
85.4500	-68.0
85.5000	-68.0
85.5500	-69.0
85.6000	-69.0
85.6500	-69.0
85.7000	-69.0
85.7500	-69.0
85.8000	-70.0
85.8500	-70.0
85.9000	-70.0
85.9500	-70.0
86.0000	-70.0
86.0500	-71.0
86.1000	-71.0
86.1500	-71.0
86.2000	-71.0
86.2500	-71.0
86.3000	-71.0
86.3500	-72.0
86.4000	-72.0
86.4500	-72.0
86.5000	-72.0
86.5500	-72.0
86.6000	-72.0
86.6500	-72.0
86.7000	-72.0
86.7500	-72.0
86.8000	-72.0
86.8500	-72.0
86.9000	-72.0
86.9500	-72.0
87.0000	-72.0
87.0500	-72.0
87.1000	-72.0
87.1500	-72.0
87.2000	-72.0
87.2500	-72.0
87.3000	-71.0
87.3500	-71.0
87.4000	-71.0
87.4500	-71.0
87.5000	-71.0
87.5500	-71.0
87.6000	-71.0
87.6500	-71.0
87.7000	-70.0
87.7500	-70.0
87.8000	-70.0
87.8500	-70.0
87.9000	-70.0
87.9500	-70.0
88.0000	-70.0
88.0500	-70.0
88.1000	-69.0
88.1500	-69.0
88.2000	-69.0
88.2500	-69.0
88.3000	-69.0
88.3500	-69.0
88.4000	-69.0
88.4500	-69.0
88.5000	-69.0
88.5500	-69.0
88.6000	-69.0
88.6500	-69.0
88.7000	-69.0
88.7500	-69.0
88.8000	-69.0
88.8500	-69.0
88.9000	-69.0
88.9500	-69.0
89.0000	-69.0
89.0500	-69.0
89.1000	-69.0
89.1500	-70.0
89.2000	-70.0
89.2500	-70.0
89.3000	-70.0
89.3500	-70.0
89.4000	-70.0
89.4500	-70.0
89.5000	-70.0
89.5500	-70.0
89.6000	-70.0
89.6500	-70.0
89.7000	-70.0
89.7500	-70.0
89.8000	-70.0
89.8500	-70.0
89.9000	-70.0
89.9500	-70.0
90.0000	-70.0
90.0500	-70.0
90.1000	-70.0
90.1500	-70.0
90.2000	-70.0
90.2500	-70.0
90.3000	-70.0
90.3500	-70.0
90.4000	-70.0
90.4500	-70.0
90.5000	-70.0
90.5500	-70.0
90.6000	-70.0
90.6500	-70.0
90.7000	-70.0
90.7500	-70.0
90.8000	-70.0
90.8500	-70.0
90.9000	-70.0
90.9500	-70.0
91.0000	-70.0
91.0500	-70.0
91.1000	-70.0
91.1500	-70.0
91.2000	-70.0
91.2500	-70.0
91.3000	-70.0
91.3500	-70.0
91.4000	-70.0
91.4500	-70.0
91.5000	-70.0
91.5500	-70.0
91.6000	-70.0
91.6500	-70.0
91.7000	-70.0
91.7500	-70.0
91.8000	-70.0
91.8500	-70.0
91.9000	-70.0
91.9500	-70.0
92.0000	-70.0
92.0500	-70.0
92.1000	-70.0
92.1500	-70.0
92.2000	-70.0
92.2500	-70.0
92.3000	-70.0
92.3500	-70.0
92.4000	-70.0
92.4500	-70.0
92.5000	-70.0
92.5500	-70.0
92.6000	-70.0
92.6500	-70.0
92.7000	-70.0
92.7500	-70.0
92.8000	-70.0
92.8500	-70.0
92.9000	-70.0
92.9500	-70.0
93.0000	-70.0
93.0500	-70.0
93.1000	-70.0
93.1500	-70.0
93.2000	-70.0
93.2500	-70.0
93.3000	-70.0
93.3500	-70.0
93.4000	-70.0
93.4500	-70.0
93.5000	-70.0
93.5500	-70.0
93.6000	-70.0
93.6500	-70.0
93.7000	-70.0
93.7500	-70.0
93.8000	-70.0
93.8500	-70.0
93.9000	-70.0
93.9500	-70.0
94.0000	-70.0
94.0500	-70.0
94.1000	-70.0
94.1500	-70.0
94.2000	-70.0
94.2500	-70.0
94.3000	-70.0
94.3500	-70.0
94.4000	-70.0
94.4500	-70.0
94.5000	-70.0
94.5500	-70.0
94.6000	-70.0
94.6500	-70.0
94.7000	-70.0
94.7500	-70.0
94.8000	-70.0
94.8500	-70.0
94.9000	-70.0
94.9500	-70.0
95.0000	-70.0
95.0500	-70.0
95.1000	-70.0
95.1500	-70.0
95.2000	-70.0
95.2500	-70.0
95.3000	-70.0
95.3500	-70.0
95.4000	-70.0
95.4500	-70.0
95.5000	-70.0
95.5500	-70.0
95.6000	-70.0
95.6500	-70.0
95.7000	-70.0
95.7500	-70.0
95.8000	-70.0
95.8500	-70.0
95.9000	-70.0
95.9500	-70.0
