# Posizione angolare. Oscillazioni forzate 2.70 V
# Tempo ( s )	Posizione angolare ( rad )
Distance (in s) between the maximums.
Mean = 1.734

String preformatted for GNU Octave:
values = [ 0.72 1.04 1.28 1.12 1.22 1.08 2.42 1.16 1.08 2.4 1.2 1.16 1.24 1.08 2.44 2.36 2.28 2.52 2.48 1.2 1.16 2.44 2.52 1.2 1.12 2.48 2.48 1.28 1.08 2.48 2.44 1.2 1.16 2.44 2.44 2.44 1.32 1.1 1.42 1.08 2.52 2.46 2.42 2.48 2.44 2.52 2.44 2.44 2.48 2.52 1.3 1.14 2.56 2.44 2.56 1.28 1.16 2.48 2.48 1.28 1.14 2.5 1.28 1.12 2.44 2.44 2.48 2.52 2.48 2.4 2.48 2.44 1.36 1.08 2.44 2.52 2.44 2.4 2.44 2.4 1.26 1.14 1.32 1.12 2.4 2.48 2.48 2.4 1.24 1.08 1.28 1.08 1.22 1.1 2.4 2.48 1.2 1.12 2.44 2.4 1.32 1.08 1.24 1.16 2.44 1.24 1.16 1.36 1.08 2.44 2.4 2.44 1.24 1.16 2.4 1.28 1.12 1.32 1.08 2.46 1.26 1.12 1.32 1.08 2.48 2.4 1.24 1.08 1.36 1.06 1.22 1.16 1.22 1.1 2.44 2.4 1.28 1.12 1.28 1.06 1.26 1.08 1.2 1.12 1.24 1.08 1.2 1.08 2.44]

# Posizione angolare. Oscillazioni forzate 3.20 V
# Tempo ( s )	Posizione angolare ( rad )
Distance (in s) between the maximums.
Mean = 1.005

String preformatted for GNU Octave:
values = [ 1.52 1.92 1.92 1.0 0.88 1.04 0.92 0.92 0.92 0.92 0.96 0.96 0.92 0.96 0.92 0.92 0.92 0.94 0.94 0.92 0.96 0.92 0.96 0.92 0.92 0.96 0.92 0.92 0.92 0.92 0.92 0.92 0.92 0.96 0.96 0.96 0.96 0.96 0.92 0.96 0.92 1.0 0.92 1.04 0.88 0.96 0.92 0.96 0.96 0.96 0.96 0.96 0.92 0.96 0.96 0.96 0.98 0.98 0.88 2.0 1.0 0.88 0.96 0.96 1.96 1.0 0.92 0.96 0.92 1.0 0.96 0.96 0.96 0.96 0.94 0.98 0.92 1.96 0.96 0.92 0.92 0.96 0.96 0.96 0.96 0.96 1.0 0.92 0.96 0.92 0.92 0.92 1.0 0.92 1.0 0.92 1.0 0.88 2.0 0.96 0.94 0.94 0.96 0.92 0.96 1.0 0.92 0.96 0.96 0.92 0.96 0.96 0.96 0.96 0.96 0.96 0.96 1.0 0.88 1.04 0.88 0.96 0.96 1.0 0.92 1.0 0.96 1.0 0.88 0.96 0.92 2.0 0.96 0.96 0.96]

# Posizione angolare. Oscillazioni forzate 3.70 V
# Tempo ( s )	Posizione angolare ( rad )
Distance (in s) between the maximums.
Mean = 0.818

String preformatted for GNU Octave:
values = [ 0.8 0.76 0.8 0.8 0.8 0.76 0.8 0.8 0.8 0.8 0.8 0.76 0.8 0.8 0.8 0.8 0.8 0.8 0.84 0.8 0.8 0.8 0.8 0.76 0.8 0.8 0.76 0.8 0.76 0.8 0.8 0.76 0.8 0.8 0.76 0.8 0.8 0.8 0.76 0.8 0.8 0.8 0.8 0.8 0.76 0.8 0.8 0.8 0.76 0.8 0.8 0.8 0.76 0.8 0.8 0.8 0.8 0.8 0.8 0.8 0.8 0.8 0.8 0.8 0.8 0.8 0.84 0.8 0.76 0.8 0.8 0.8 0.8 0.8 0.78 0.78 0.8 0.8 0.8 0.8 0.8 0.8 0.8 0.76 0.8 0.8 0.8 0.76 0.8 0.8 0.76 0.8 0.8 0.8 0.8 0.8 0.76 0.8 0.8 0.76 0.8 0.8 0.76 0.8 0.76 0.8 0.76 0.8 0.76 0.8 1.56 0.76 0.8 0.76 0.8 1.52 1.56 1.56]

# Posizione angolare. Oscillazioni libere
# Tempo ( s )	Posizione angolare ( rad )
Distance (in s) between the maximums.
Mean = 1.447

String preformatted for GNU Octave:
values = [ 1.44 1.48 1.48 1.48 1.48 1.48 1.44 1.48 1.48 1.48 1.44 1.48 1.48 1.48 1.48 1.44 1.44 1.48 1.38 1.36 1.2]

# Posizione angolare. Oscillazioni smorzate 4.80mm
# Tempo ( s )	Posizione angolare ( rad )
Distance (in s) between the maximums.
Mean = 1.15

String preformatted for GNU Octave:
values = [ 0.72 0.72 0.76 0.72 0.76 1.48 1.44 1.48 1.48 1.44 1.4 1.4]

# Posizione angolare. Oscillazioni forzate 3.00 V
# Tempo ( s )	Posizione angolare ( rad )
Distance (in s) between the maximums.
Mean = 1.045

String preformatted for GNU Octave:
values = [ 2.2 0.96 1.04 2.28 2.0 0.88 0.92 2.28 0.92 0.92 0.92 0.18 1.42 1.96 0.94 0.98 2.16 1.0 1.0 2.24 0.86 1.06 1.04 1.08 0.96 1.04 2.24 0.88 0.92 0.92 1.12 1.12 1.0 0.96 1.0 0.96 1.04 1.04 1.04 1.0 1.0 2.12 0.96 1.0 1.08 1.1 0.98 1.0 0.96 1.04 1.04 1.0 1.0 1.0 1.0 1.0 1.0 1.0 1.04 1.08 1.0 1.08 1.0 1.04 1.04 1.04 1.0 1.0 1.0 1.04 1.04 1.04 1.0 1.08 1.04 1.06 0.98 1.04 1.04 1.04 1.04 1.04 1.0 1.0 1.0 1.0 1.0 1.04 0.96 1.04 1.0 0.96 0.92 0.92 0.96 1.0 1.04 1.04 0.96 0.96 1.04 1.08 0.96 0.96 1.0 1.04 0.96 1.0 0.96 1.04 1.0 1.0 0.96 1.08 0.96 0.94 0.96 1.06 0.96 0.96 0.96 1.0 0.96 0.96 0.92 1.0 0.96 1.04 0.96 0.94 0.94 1.0 0.92 0.96 0.92 0.96 1.0 1.04 0.96 0.96 1.0 1.0 1.0 0.96 1.0 1.0 0.96 0.96 1.0 1.0 1.0 1.04 1.0 1.0 1.0 1.04 1.0 1.04 1.0 1.0 1.0 1.04 1.0 1.0 0.98 0.98 1.0 1.04 1.02 1.02 1.0 1.0 1.0 1.04 1.0 1.04 1.0 1.02 1.02 1.02 1.02 1.04 1.0 1.04 1.0 1.04 1.04 1.04 1.0 1.04 1.04 1.04 1.0 1.04 1.04 1.04 1.0 1.02 1.02 1.08 1.0 1.04 1.0 1.04 1.04 1.04 1.0 1.04 1.04 1.04 1.02 1.02 1.0 1.0 1.04 1.04 1.0 1.0 1.04 1.04 1.0 1.0 1.0 1.06 1.06 1.04 1.0 1.04 1.04 1.04 1.0 1.04 1.0 1.04 1.04 1.04 0.96 1.04 1.08 1.08 1.0 1.0 1.0 1.04 1.04 1.04 1.0 1.0 1.04 1.08 1.0 1.0 1.0 1.08 1.08 1.04 0.96 1.04 1.04 1.08 1.0 1.0 1.04 1.08 1.0 1.04 0.96 1.04 1.04 1.08 1.0 1.04 1.04 1.04 1.04 1.04 1.0 1.04 1.04 1.08 1.0 1.04 1.0 1.04 1.08 1.04 1.0]

# Posizione angolare. Oscillazioni forzate 2.00 V
# Tempo ( s )	Posizione angolare ( rad )
Distance (in s) between the maximums.
Mean = 1.769

String preformatted for GNU Octave:
values = [ 0.96 2.14 1.42 1.76 1.84 1.84 1.66 1.96 1.66 1.84 1.7 1.94 1.6 1.88 1.6 1.96 1.64 1.86 1.7 1.96 1.6 2.0 1.62 1.9 1.72 2.02 1.56 1.94 1.66 1.88 1.74 1.9 1.74 1.82 1.74 1.98 1.54 1.96 1.68 1.9 1.68 1.98 1.6 1.86 1.7 1.68 1.92 1.64 1.88 1.52 1.96 1.72 1.8 1.7 1.78 1.78 1.78 1.8 1.76 1.58 1.94 1.84 1.72 1.86 1.72 1.84 1.66 1.7 1.86 1.84 1.72 1.72 1.8]

# Posizione angolare. Oscillazioni forzate 2.50 V
# Tempo ( s )	Posizione angolare ( rad )
Distance (in s) between the maximums.
Mean = 1.287

String preformatted for GNU Octave:
values = [ 0.78 1.18 1.32 1.26 1.3 1.28 1.34 1.18 1.48 1.12 1.4 1.2 1.36 1.16 1.36 1.18 1.42 1.18 1.42 1.2 1.32 1.24 1.36 1.22 1.44 1.18 1.52 1.12 1.4 1.16 1.36 1.24 1.32 1.2 1.44 1.16 1.44 1.16 1.4 1.2 1.48 1.16 1.44 1.18 1.36 1.26 1.36 1.24 1.3 1.3 1.36 1.24 1.36 1.26 1.26 1.32 1.4 1.24 1.36 1.24 1.32 1.28 1.24 1.36 1.28 1.24 1.36 1.16 1.24 1.32 1.4 1.2 1.16 1.4 1.36 1.16 1.42 1.22 1.16 1.44 1.34 1.26 1.26 1.32 1.34 1.2 1.36 1.28 1.2 1.36 1.36 1.3 1.36 1.3 1.08 1.44 1.34 1.3 1.22 1.34 1.18]

# Posizione angolare. Oscillazioni forzate 3.50 V
# Tempo ( s )	Posizione angolare ( rad )
Distance (in s) between the maximums.
Mean = 0.852

String preformatted for GNU Octave:
values = [ 0.84 0.88 0.84 0.88 0.84 0.84 0.84 0.84 0.88 0.84 0.84 0.88 0.84 0.88 0.84 0.84 0.84 0.88 0.84 0.84 0.88 0.84 0.84 0.84 0.84 0.88 0.82 0.86 0.8 0.84 0.84 0.84 0.84 0.84 0.84 0.84 0.84 0.88 0.88 0.84 0.84 0.84 0.84 0.84 0.84 0.84 0.84 0.84 0.86 0.86 0.84 0.88 0.84 0.84 0.84 0.84 0.84 0.88 0.84 0.88 0.84 0.88 0.88 0.88 0.84 0.84 0.88 0.84 0.84 0.88 0.84 0.84 0.84 0.88 0.84 0.84 0.84 0.84 0.84 0.84 0.84 0.84 0.84 0.88 0.84 0.88 0.84 0.88 0.84 0.88 0.84 0.88 0.84 0.84 0.84 0.84 0.84 0.84 0.84 0.84 0.84 0.88 0.84 0.88 0.88 0.84 0.84 0.84 0.84 0.84 0.84 0.88 0.84 0.88 0.88 0.92 0.88 0.88 0.86 0.86 0.88 0.84 0.88 0.88 0.84 0.92 0.84 0.92 0.84 0.88 0.84 0.88 0.84 0.88 0.84 0.88 0.84 0.88 0.88 0.84 0.88 0.88 0.84 0.84 0.84 0.84 0.84 0.84 0.84 0.84 0.84 0.84 0.84 0.84 0.84 0.88 0.84 0.88 0.84 0.88 0.84 0.84 0.84 0.84 0.84 0.88 0.84 0.84 0.84 0.88 0.84 0.84 0.88 0.84 0.84 0.88 0.84 0.84 0.84 0.84 0.84 0.84 0.84 0.88 0.84 0.84 0.88 0.84 0.88 0.88 0.84 0.84 0.88 0.84 0.84 0.88 0.84 0.84 0.88 0.88 0.88 0.84 0.88 0.84 0.88 0.84 0.88 0.84 0.88 0.84 0.84 0.84 0.84 0.84 0.84 0.88 0.84 0.88 0.84 0.84 0.84 0.84 0.8 0.88 0.84 0.84 0.84 0.88 0.84 0.88 0.8 0.84 0.84 0.84 0.8 0.84 0.8 0.84 0.8 0.84 0.84 0.84 0.84 0.88 0.84 0.88 0.84 0.84 0.84 0.84 0.84 0.84 0.84 0.84 0.8 0.84 0.84 0.84 0.8 0.84 0.84 0.84 0.84 0.84 0.84 0.88 0.84 0.88 0.84 0.88 0.84 0.88 0.84 0.84 0.84 0.88 0.84 0.88 0.84 0.88 0.88 0.88 0.84 0.88 0.84 0.88 0.84 0.88 0.88 0.88 0.84 0.88 0.84 0.84 0.84 0.84 0.88 0.84 0.84 0.88 0.84 0.88 0.84 0.88 0.86 0.86 0.88 0.84 0.88 0.88 0.84 0.88 0.88 0.84 0.88 0.84 0.84 0.88 0.84 0.84 0.88]

# Posizione angolare. Oscillazioni forzate 1.50
# Tempo ( s )	Posizione angolare ( rad )
Distance (in s) between the maximums.
Mean = 2.118

String preformatted for GNU Octave:
values = [ 0.88 0.88 2.58 3.3 2.52 3.0 2.54 2.74 2.56 2.02 0.9 2.58 3.38 2.52 3.3 2.58 2.4 0.96 2.48 3.2 2.6 3.18 2.56 0.42 1.72 1.0 2.44 2.82 2.5 2.46 2.8 2.94 2.48 2.46 3.04 1.92 1.02 2.62 3.02 2.42 3.38 2.36 2.52 0.96 2.6 3.0 2.5 3.02 2.56 2.14 1.02 2.46 2.12 0.7 2.68 2.82 2.58 2.54 2.78 2.86 2.42 2.18 0.94 2.48 2.12 1.06 2.42 2.58 2.58 1.88 0.92 2.5 1.94 1.04 2.52 1.9 1.06 2.48 2.84 2.44 2.1 0.9 2.36 2.56 2.42 1.98 1.08 2.48 1.96 1.08 2.48 1.88 0.96 2.52 1.92 1.12 2.4 1.88 1.12 2.44 1.92 1.0 2.52 1.96 1.08 2.52 3.12 2.48 1.96 1.04 2.48 3.0 2.52 1.98 0.28 0.82 2.58 2.2 1.08 2.52 2.12 1.12 2.46 2.04 1.02 2.5 1.94 1.1 2.48 2.08 1.0 2.48 2.08 1.04]

# Posizione angolare. Oscillazioni forzate 1.70 V
# Tempo ( s )	Posizione angolare ( rad )
Distance (in s) between the maximums.
Mean = 2.006

String preformatted for GNU Octave:
values = [ 2.66 2.16 2.58 2.04 2.7 2.06 1.78 0.82 1.62 0.94 1.5 0.72 1.7 0.58 2.52 2.22 2.52 1.76 0.94 1.26 0.74 1.74 0.56 2.52 1.96 2.68 2.18 2.54 2.18 2.66 2.14 2.74 2.2 2.56 2.2 2.68 1.66 0.64 2.46 2.02 2.6 2.04 2.66 2.22 2.56 2.46 1.7 0.82 1.64 0.72 2.48 2.28 2.58 2.12 2.64 2.08 2.68 2.52 2.46 2.08 2.62 2.3]

# Posizione angolare. Oscillazioni forzate 2.20 V
# Tempo ( s )	Posizione angolare ( rad )
Distance (in s) between the maximums.
Mean = 1.071

String preformatted for GNU Octave:
values = [ 1.96 1.36 1.84 1.44 1.3 0.54 1.44 1.08 0.78 1.34 1.28 0.6 1.36 1.28 0.56 1.4 1.3 0.54 1.4 1.16 0.62 1.42 1.24 0.6 1.42 1.2 0.5 1.44 1.24 0.56 1.44 1.04 0.32 0.56 1.28 1.3 0.36 1.5 1.12 0.7 1.34 1.2 0.58 1.38 1.16 0.64 1.4 1.14 0.56 1.42 1.14 0.52 1.46 1.16 0.66 1.32 1.14 0.66 1.38 1.2 0.74 1.3 1.26 0.5 1.44 1.16 0.76 1.28 1.18 0.54 1.44 1.0 0.52 0.42 1.18 1.16 0.66 1.32 1.18 0.54 1.46 1.86 1.38 1.26 0.54 1.44 1.14 0.78 1.28 1.3 0.52 1.42 1.26 0.5 1.44 1.12 0.8 1.28 1.32 0.44 1.44 1.12 0.74 1.34 1.26 0.54 1.36 1.2 0.46 1.42 1.04 0.54 0.36 1.18 1.08 1.88 1.04 0.84 1.24]

