Posizione angolare, Oscillazioni forzate 3.20 V
Tempo ( s )	Posizione angolare ( rad )
0,0210	-2,340
0,0610	-2,102
0,1010	-1,863
0,1410	-1,629
0,1810	-1,401
0,2210	-1,184
0,2610	-0,979
0,3010	-0,790
0,3410	-0,619
0,3810	-0,470
0,4210	-0,341
0,4610	-0,236
0,5010	-0,156
0,5410	-0,102
0,5810	-0,077
0,6210	-0,080
0,6610	-0,110
0,7010	-0,168
0,7410	-0,253
0,7810	-0,364
0,8210	-0,501
0,8610	-0,663
0,9010	-0,848
0,9410	-1,056
0,9810	-1,280
1,0210	-1,519
1,0610	-1,770
1,1010	-2,028
1,1410	-2,287
1,1810	-2,545
1,2210	-2,794
1,2610	-3,033
1,3010	-3,253
1,3410	-3,454
1,3810	-3,629
1,4210	-3,773
1,4610	-3,886
1,5010	-3,955
1,5410	-3,974
1,5810	-3,949
1,6210	-3,889
1,6610	-3,797
1,7010	-3,676
1,7410	-3,526
1,7810	-3,354
1,8210	-3,159
1,8610	-2,947
1,9010	-2,719
1,9410	-2,482
1,9810	-2,235
2,0210	-1,987
2,0610	-1,740
2,1010	-1,497
2,1410	-1,263
2,1810	-1,041
2,2210	-0,834
2,2610	-0,646
2,3010	-0,476
2,3410	-0,330
2,3810	-0,209
2,4210	-0,113
2,4610	-0,046
2,5010	-0,008
2,5410	0,000
2,5810	-0,022
2,6210	-0,074
2,6610	-0,156
2,7010	-0,265
2,7410	-0,404
2,7810	-0,569
2,8210	-0,759
2,8610	-0,971
2,9010	-1,202
2,9410	-1,450
2,9810	-1,709
3,0210	-1,978
3,0610	-2,248
3,1010	-2,515
3,1410	-2,776
3,1810	-3,024
3,2210	-3,253
3,2610	-3,462
3,3010	-3,646
3,3410	-3,798
3,3810	-3,908
3,4210	-3,971
3,4610	-3,984
3,5010	-3,955
3,5410	-3,894
3,5810	-3,801
3,6210	-3,680
3,6610	-3,530
3,7010	-3,357
3,7410	-3,162
3,7810	-2,948
3,8210	-2,722
3,8610	-2,485
3,9010	-2,242
3,9410	-1,995
3,9810	-1,751
4,0210	-1,513
4,0610	-1,282
4,1010	-1,063
4,1410	-0,859
4,1810	-0,674
4,2210	-0,507
4,2610	-0,363
4,3010	-0,243
4,3410	-0,148
4,3810	-0,080
4,4210	-0,041
4,4610	-0,031
4,5010	-0,050
4,5410	-0,099
4,5810	-0,176
4,6210	-0,280
4,6610	-0,412
4,7010	-0,569
4,7410	-0,751
4,7810	-0,955
4,8210	-1,180
4,8610	-1,422
4,9010	-1,674
4,9410	-1,938
4,9810	-2,205
5,0210	-2,472
5,0610	-2,733
5,1010	-2,983
5,1410	-3,215
5,1810	-3,429
5,2210	-3,616
5,2610	-3,776
5,3010	-3,902
5,3410	-3,984
5,3810	-4,015
5,4210	-3,996
5,4610	-3,944
5,5010	-3,864
5,5410	-3,756
5,5810	-3,621
5,6210	-3,457
5,6610	-3,270
5,7010	-3,063
5,7410	-2,835
5,7810	-2,595
5,8210	-2,342
5,8610	-2,084
5,9010	-1,824
5,9410	-1,566
5,9810	-1,315
6,0210	-1,073
6,0610	-0,845
6,1010	-0,633
6,1410	-0,443
6,1810	-0,275
6,2210	-0,134
6,2610	-0,020
6,3010	0,061
6,3410	0,112
6,3810	0,127
6,4210	0,108
6,4610	0,055
6,5010	-0,031
6,5410	-0,152
6,5810	-0,306
6,6210	-0,490
6,6610	-0,702
6,7010	-0,939
6,7410	-1,200
6,7810	-1,477
6,8210	-1,767
6,8610	-2,064
6,9010	-2,364
6,9410	-2,658
6,9810	-2,942
7,0210	-3,211
7,0610	-3,456
7,1010	-3,665
7,1410	-3,836
7,1810	-3,960
7,2210	-4,039
7,2610	-4,070
7,3010	-4,054
7,3410	-4,004
7,3810	-3,935
7,4210	-3,852
7,4610	-3,745
7,5010	-3,611
7,5410	-3,448
7,5810	-3,259
7,6210	-3,049
7,6610	-2,818
7,7010	-2,571
7,7410	-2,312
7,7810	-2,047
7,8210	-1,778
7,8610	-1,513
7,9010	-1,250
7,9410	-0,999
7,9810	-0,763
8,0210	-0,543
8,0610	-0,346
8,1010	-0,173
8,1410	-0,027
8,1810	0,086
8,2210	0,168
8,2610	0,214
8,3010	0,220
8,3410	0,190
8,3810	0,123
8,4210	0,017
8,4610	-0,124
8,5010	-0,300
8,5410	-0,509
8,5810	-0,748
8,6210	-1,013
8,6610	-1,299
8,7010	-1,602
8,7410	-1,915
8,7810	-2,234
8,8210	-2,549
8,8610	-2,857
8,9010	-3,151
8,9410	-3,424
8,9810	-3,669
9,0210	-3,885
9,0610	-4,062
9,1010	-4,200
9,1410	-4,295
9,1810	-4,343
9,2210	-4,345
9,2610	-4,302
9,3010	-4,214
9,3410	-4,084
9,3810	-3,914
9,4210	-3,709
9,4610	-3,470
9,5010	-3,201
9,5410	-2,911
9,5810	-2,603
9,6210	-2,282
9,6610	-1,957
9,7010	-1,632
9,7410	-1,315
9,7810	-1,010
9,8210	-0,724
9,8610	-0,460
9,9010	-0,225
9,9410	-0,019
9,9810	0,151
10,0210	0,284
10,0610	0,375
10,1010	0,426
10,1410	0,434
10,1810	0,397
10,2210	0,322
10,2610	0,207
10,3010	0,053
10,3410	-0,138
10,3810	-0,361
10,4210	-0,614
10,4610	-0,894
10,5010	-1,194
10,5410	-1,511
10,5810	-1,836
10,6210	-2,165
10,6610	-2,491
10,7010	-2,807
10,7410	-3,107
10,7810	-3,385
10,8210	-3,635
10,8610	-3,853
10,9010	-4,034
10,9410	-4,174
10,9810	-4,271
11,0210	-4,321
11,0610	-4,328
11,1010	-4,290
11,1410	-4,208
11,1810	-4,086
11,2210	-3,925
11,2610	-3,731
11,3010	-3,506
11,3410	-3,253
11,3810	-2,978
11,4210	-2,686
11,4610	-2,384
11,5010	-2,077
11,5410	-1,770
11,5810	-1,470
11,6210	-1,181
11,6610	-0,909
11,7010	-0,658
11,7410	-0,430
11,7810	-0,231
11,8210	-0,063
11,8610	0,074
11,9010	0,174
11,9410	0,239
11,9810	0,265
12,0210	0,253
12,0610	0,204
12,1010	0,119
12,1410	0,002
12,1810	-0,149
12,2210	-0,331
12,2610	-0,542
12,3010	-0,778
12,3410	-1,035
12,3810	-1,308
12,4210	-1,596
12,4610	-1,890
12,5010	-2,185
12,5410	-2,479
12,5810	-2,763
12,6210	-3,033
12,6610	-3,285
12,7010	-3,511
12,7410	-3,707
12,7810	-3,874
12,8210	-4,002
12,8610	-4,093
12,9010	-4,145
12,9410	-4,155
12,9810	-4,126
13,0210	-4,057
13,0610	-3,952
13,1010	-3,812
13,1410	-3,641
13,1810	-3,440
13,2210	-3,212
13,2610	-2,966
13,3010	-2,700
13,3410	-2,424
13,3810	-2,139
13,4210	-1,854
13,4610	-1,571
13,5010	-1,296
13,5410	-1,035
13,5810	-0,789
13,6210	-0,562
13,6610	-0,361
13,7010	-0,185
13,7410	-0,038
13,7810	0,077
13,8210	0,159
13,8610	0,204
13,9010	0,214
13,9410	0,187
13,9810	0,124
14,0210	0,027
14,0610	-0,104
14,1010	-0,267
14,1410	-0,462
14,1810	-0,683
14,2210	-0,931
14,2610	-1,199
14,3010	-1,483
14,3410	-1,777
14,3810	-2,078
14,4210	-2,378
14,4610	-2,675
14,5010	-2,959
14,5410	-3,226
14,5810	-3,471
14,6210	-3,688
14,6610	-3,875
14,7010	-4,024
14,7410	-4,136
14,7810	-4,207
14,8210	-4,235
14,8610	-4,219
14,9010	-4,163
14,9410	-4,067
14,9810	-3,932
15,0210	-3,762
15,0610	-3,558
15,1010	-3,327
15,1410	-3,069
15,1810	-2,793
15,2210	-2,501
15,2610	-2,198
15,3010	-1,891
15,3410	-1,588
15,3810	-1,290
15,4210	-1,005
15,4610	-0,737
15,5010	-0,490
15,5410	-0,269
15,5810	-0,075
15,6210	0,086
15,6610	0,212
15,7010	0,300
15,7410	0,349
15,7810	0,358
15,8210	0,325
15,8610	0,254
15,9010	0,145
15,9410	-0,005
15,9810	-0,188
16,0210	-0,407
16,0610	-0,655
16,1010	-0,930
16,1410	-1,225
16,1810	-1,538
16,2210	-1,860
16,2610	-2,187
16,3010	-2,512
16,3410	-2,827
16,3810	-3,129
16,4210	-3,407
16,4610	-3,660
16,5010	-3,880
16,5410	-4,062
16,5810	-4,203
16,6210	-4,302
16,6610	-4,354
16,7010	-4,361
16,7410	-4,320
16,7810	-4,236
16,8210	-4,109
16,8610	-3,944
16,9010	-3,742
16,9410	-3,506
16,9810	-3,242
17,0210	-2,956
17,0610	-2,653
17,1010	-2,337
17,1410	-2,017
17,1810	-1,696
17,2210	-1,384
17,2610	-1,082
17,3010	-0,798
17,3410	-0,536
17,3810	-0,300
17,4210	-0,094
17,4610	0,077
17,5010	0,214
17,5410	0,311
17,5810	0,369
17,6210	0,385
17,6610	0,358
17,7010	0,294
17,7410	0,190
17,7810	0,049
17,8210	-0,129
17,8610	-0,339
17,9010	-0,580
17,9410	-0,847
17,9810	-1,136
18,0210	-1,440
18,0610	-1,756
18,1010	-2,077
18,1410	-2,397
18,1810	-2,710
18,2210	-3,010
18,2610	-3,289
18,3010	-3,544
18,3410	-3,770
18,3810	-3,960
18,4210	-4,111
18,4610	-4,221
18,5010	-4,288
18,5410	-4,309
18,5810	-4,287
18,6210	-4,219
18,6610	-4,112
18,7010	-3,966
18,7410	-3,784
18,7810	-3,569
18,8210	-3,325
18,8610	-3,057
18,9010	-2,771
18,9410	-2,471
18,9810	-2,161
19,0210	-1,852
19,0610	-1,546
19,1010	-1,249
19,1410	-0,968
19,1810	-0,704
19,2210	-0,463
19,2610	-0,251
19,3010	-0,068
19,3410	0,082
19,3810	0,196
19,4210	0,275
19,4610	0,313
19,5010	0,313
19,5410	0,272
19,5810	0,196
19,6210	0,083
19,6610	-0,066
19,7010	-0,248
19,7410	-0,460
19,7810	-0,701
19,8210	-0,964
19,8610	-1,247
19,9010	-1,544
19,9410	-1,850
19,9810	-2,160
20,0210	-2,468
20,0610	-2,765
20,1010	-3,049
20,1410	-3,313
20,1810	-3,552
20,2210	-3,759
20,2610	-3,933
20,3010	-4,072
20,3410	-4,169
20,3810	-4,222
20,4210	-4,235
20,4610	-4,205
20,5010	-4,133
20,5410	-4,023
20,5810	-3,877
20,6210	-3,696
20,6610	-3,486
20,7010	-3,248
20,7410	-2,988
20,7810	-2,710
20,8210	-2,419
20,8610	-2,122
20,9010	-1,822
20,9410	-1,527
20,9810	-1,239
21,0210	-0,966
21,0610	-0,712
21,1010	-0,479
21,1410	-0,272
21,1810	-0,093
21,2210	0,053
21,2610	0,167
21,3010	0,242
21,3410	0,281
21,3810	0,280
21,4210	0,240
21,4610	0,165
21,5010	0,055
21,5410	-0,091
21,5810	-0,269
21,6210	-0,479
21,6610	-0,715
21,7010	-0,975
21,7410	-1,257
21,7810	-1,552
21,8210	-1,857
21,8610	-2,165
21,9010	-2,471
21,9410	-2,768
21,9810	-3,052
22,0210	-3,318
22,0610	-3,556
22,1010	-3,767
22,1410	-3,943
22,1810	-4,081
22,2210	-4,180
22,2610	-4,235
22,3010	-4,249
22,3410	-4,219
22,3810	-4,147
22,4210	-4,037
22,4610	-3,889
22,5010	-3,707
22,5410	-3,493
22,5810	-3,253
22,6210	-2,991
22,6610	-2,710
22,7010	-2,416
22,7410	-2,114
22,7810	-1,811
22,8210	-1,513
22,8610	-1,222
22,9010	-0,946
22,9410	-0,688
22,9810	-0,452
23,0210	-0,243
23,0610	-0,063
23,1010	0,085
23,1410	0,198
23,1810	0,273
23,2210	0,311
23,2610	0,308
23,3010	0,267
23,3410	0,188
23,3810	0,074
23,4210	-0,077
23,4610	-0,261
23,5010	-0,476
23,5410	-0,719
23,5810	-0,986
23,6210	-1,272
23,6610	-1,572
23,7010	-1,882
23,7410	-2,196
23,7810	-2,505
23,8210	-2,807
23,8610	-3,093
23,9010	-3,358
23,9410	-3,597
23,9810	-3,806
24,0210	-3,980
24,0610	-4,115
24,1010	-4,210
24,1410	-4,262
24,1810	-4,269
24,2210	-4,235
24,2610	-4,158
24,3010	-4,042
24,3410	-3,888
24,3810	-3,699
24,4210	-3,481
24,4610	-3,234
24,5010	-2,966
24,5410	-2,680
24,5810	-2,381
24,6210	-2,078
24,6610	-1,773
24,7010	-1,472
24,7410	-1,183
24,7810	-0,908
24,8210	-0,652
24,8610	-0,419
24,9010	-0,214
24,9410	-0,038
24,9810	0,107
25,0210	0,214
25,0610	0,284
25,1010	0,316
25,1410	0,306
25,1810	0,258
25,2210	0,173
25,2610	0,052
25,3010	-0,105
25,3410	-0,295
25,3810	-0,515
25,4210	-0,763
25,4610	-1,037
25,5010	-1,327
25,5410	-1,634
25,5810	-1,946
25,6210	-2,264
25,6610	-2,576
25,7010	-2,878
25,7410	-3,164
25,7810	-3,427
25,8210	-3,665
25,8610	-3,870
25,9010	-4,039
25,9410	-4,167
25,9810	-4,254
26,0210	-4,296
26,0610	-4,295
26,1010	-4,249
26,1410	-4,161
26,1810	-4,032
26,2210	-3,867
26,2610	-3,668
26,3010	-3,437
26,3410	-3,179
26,3810	-2,900
26,4210	-2,604
26,4610	-2,297
26,5010	-1,984
26,5410	-1,671
26,5810	-1,367
26,6210	-1,073
26,6610	-0,795
26,7010	-0,539
26,7410	-0,308
26,7810	-0,107
26,8210	0,064
26,8610	0,198
26,9010	0,295
26,9410	0,353
26,9810	0,371
27,0210	0,346
27,0610	0,283
27,1010	0,179
27,1410	0,039
27,1810	-0,137
27,2210	-0,347
27,2610	-0,589
27,3010	-0,856
27,3410	-1,147
27,3810	-1,453
27,4210	-1,772
27,4610	-2,097
27,5010	-2,421
27,5410	-2,738
27,5810	-3,039
27,6210	-3,324
27,6610	-3,581
27,7010	-3,809
27,7410	-4,001
27,7810	-4,153
27,8210	-4,263
27,8610	-4,328
27,9010	-4,348
27,9410	-4,321
27,9810	-4,251
28,0210	-4,137
28,0610	-3,984
28,1010	-3,792
28,1410	-3,567
28,1810	-3,313
28,2210	-3,033
28,2610	-2,735
28,3010	-2,421
28,3410	-2,099
28,3810	-1,777
28,4210	-1,458
28,4610	-1,148
28,5010	-0,855
28,5410	-0,581
28,5810	-0,333
28,6210	-0,115
28,6610	0,072
28,7010	0,225
28,7410	0,336
28,7810	0,408
28,8210	0,438
28,8610	0,426
28,9010	0,371
28,9410	0,273
28,9810	0,137
29,0210	-0,038
29,0610	-0,250
29,1010	-0,493
29,1410	-0,767
29,1810	-1,065
29,2210	-1,382
29,2610	-1,712
29,3010	-2,050
29,3410	-2,386
29,3810	-2,716
29,4210	-3,033
29,4610	-3,330
29,5010	-3,600
29,5410	-3,839
29,5810	-4,042
29,6210	-4,203
29,6610	-4,320
29,7010	-4,390
29,7410	-4,414
29,7810	-4,389
29,8210	-4,318
29,8610	-4,203
29,9010	-4,046
29,9410	-3,852
29,9810	-3,621
30,0210	-3,358
30,0610	-3,072
30,1010	-2,765
30,1410	-2,443
30,1810	-2,113
30,2210	-1,781
30,2610	-1,453
30,3010	-1,137
30,3410	-0,836
30,3810	-0,556
30,4210	-0,302
30,4610	-0,077
30,5010	0,113
30,5410	0,267
30,5810	0,380
30,6210	0,451
30,6610	0,479
30,7010	0,462
30,7410	0,402
30,7810	0,300
30,8210	0,157
30,8610	-0,025
30,9010	-0,243
30,9410	-0,495
30,9810	-0,776
31,0210	-1,081
31,0610	-1,404
31,1010	-1,740
31,1410	-2,083
31,1810	-2,424
31,2210	-2,758
31,2610	-3,077
31,3010	-3,376
31,3410	-3,646
31,3810	-3,885
31,4210	-4,084
31,4610	-4,243
31,5010	-4,354
31,5410	-4,420
31,5810	-4,438
31,6210	-4,408
31,6610	-4,329
31,7010	-4,210
31,7410	-4,046
31,7810	-3,845
31,8210	-3,610
31,8610	-3,344
31,9010	-3,055
31,9410	-2,747
31,9810	-2,425
32,0210	-2,099
32,0610	-1,772
32,1010	-1,450
32,1410	-1,142
32,1810	-0,851
32,2210	-0,583
32,2610	-0,341
32,3010	-0,130
32,3410	0,049
32,3810	0,190
32,4210	0,295
32,4610	0,360
32,5010	0,383
32,5410	0,366
32,5810	0,311
32,6210	0,217
32,6610	0,085
32,7010	-0,082
32,7410	-0,281
32,7810	-0,509
32,8210	-0,765
32,8610	-1,041
32,9010	-1,334
32,9410	-1,638
32,9810	-1,949
33,0210	-2,260
33,0610	-2,565
33,1010	-2,859
33,1410	-3,135
33,1810	-3,390
33,2210	-3,618
33,2610	-3,812
33,3010	-3,971
33,3410	-4,092
33,3810	-4,172
33,4210	-4,211
33,4610	-4,207
33,5010	-4,161
33,5410	-4,076
33,5810	-3,954
33,6210	-3,797
33,6610	-3,610
33,7010	-3,393
33,7410	-3,154
33,7810	-2,895
33,8210	-2,622
33,8610	-2,339
33,9010	-2,051
33,9410	-1,766
33,9810	-1,488
34,0210	-1,217
34,0610	-0,964
34,1010	-0,729
34,1410	-0,515
34,1810	-0,327
34,2210	-0,165
34,2610	-0,035
34,3010	0,064
34,3410	0,130
34,3810	0,160
34,4210	0,157
34,4610	0,118
34,5010	0,047
34,5410	-0,057
34,5810	-0,192
34,6210	-0,357
34,6610	-0,548
34,7010	-0,767
34,7410	-1,007
34,7810	-1,266
34,8210	-1,539
34,8610	-1,824
34,9010	-2,113
34,9410	-2,400
34,9810	-2,683
35,0210	-2,953
35,0610	-3,206
35,1010	-3,438
35,1410	-3,644
35,1810	-3,819
35,2210	-3,960
35,2610	-4,064
35,3010	-4,130
35,3410	-4,153
35,3810	-4,139
35,4210	-4,084
35,4610	-3,991
35,5010	-3,863
35,5410	-3,701
35,5810	-3,508
35,6210	-3,288
35,6610	-3,046
35,7010	-2,783
35,7410	-2,509
35,7810	-2,226
35,8210	-1,938
35,8610	-1,652
35,9010	-1,374
35,9410	-1,107
35,9810	-0,855
36,0210	-0,624
36,0610	-0,415
36,1010	-0,231
36,1410	-0,077
36,1810	0,046
36,2210	0,137
36,2610	0,192
36,3010	0,210
36,3410	0,193
36,3810	0,141
36,4210	0,055
36,4610	-0,064
36,5010	-0,217
36,5410	-0,399
36,5810	-0,608
36,6210	-0,840
36,6610	-1,095
36,7010	-1,365
36,7410	-1,648
36,7810	-1,937
36,8210	-2,226
36,8610	-2,513
36,9010	-2,791
36,9410	-3,054
36,9810	-3,297
37,0210	-3,517
37,0610	-3,707
37,1010	-3,867
37,1410	-3,991
37,1810	-4,076
37,2210	-4,123
37,2610	-4,131
37,3010	-4,098
37,3410	-4,029
37,3810	-3,922
37,4210	-3,782
37,4610	-3,611
37,5010	-3,412
37,5410	-3,189
37,5810	-2,945
37,6210	-2,686
37,6610	-2,416
37,7010	-2,139
37,7410	-1,863
37,7810	-1,588
37,8210	-1,323
37,8610	-1,068
37,9010	-0,831
37,9410	-0,613
37,9810	-0,418
38,0210	-0,248
38,0610	-0,107
38,1010	0,006
38,1410	0,086
38,1810	0,132
38,2210	0,145
38,2610	0,123
38,3010	0,066
38,3410	-0,020
38,3810	-0,140
38,4210	-0,291
38,4610	-0,468
38,5010	-0,674
38,5410	-0,902
38,5810	-1,150
38,6210	-1,415
38,6610	-1,692
38,7010	-1,976
38,7410	-2,264
38,7810	-2,546
38,8210	-2,820
38,8610	-3,079
38,9010	-3,321
38,9410	-3,536
38,9810	-3,724
39,0210	-3,880
39,0610	-4,001
39,1010	-4,084
39,1410	-4,117
39,1810	-4,098
39,2210	-4,042
39,2610	-3,951
39,3010	-3,825
39,3410	-3,668
39,3810	-3,482
39,4210	-3,272
39,4610	-3,041
39,5010	-2,793
39,5410	-2,532
39,5810	-2,264
39,6210	-1,990
39,6610	-1,720
39,7010	-1,455
39,7410	-1,200
39,7810	-0,958
39,8210	-0,734
39,8610	-0,531
39,9010	-0,352
39,9410	-0,198
39,9810	-0,071
40,0210	0,025
40,0610	0,088
40,1010	0,119
40,1410	0,118
40,1810	0,082
40,2210	0,014
40,2610	-0,085
40,3010	-0,217
40,3410	-0,377
40,3810	-0,565
40,4210	-0,779
40,4610	-1,016
40,5010	-1,271
40,5410	-1,541
40,5810	-1,822
40,6210	-2,106
40,6610	-2,392
40,7010	-2,672
40,7410	-2,939
40,7810	-3,190
40,8210	-3,421
40,8610	-3,625
40,9010	-3,800
40,9410	-3,938
40,9810	-4,026
41,0210	-4,062
41,0610	-4,046
41,1010	-3,995
41,1410	-3,910
41,1810	-3,793
41,2210	-3,649
41,2610	-3,476
41,3010	-3,280
41,3410	-3,065
41,3810	-2,832
41,4210	-2,587
41,4610	-2,334
41,5010	-2,078
41,5410	-1,821
41,5810	-1,569
41,6210	-1,327
41,6610	-1,096
41,7010	-0,881
41,7410	-0,683
41,7810	-0,507
41,8210	-0,353
41,8610	-0,225
41,9010	-0,123
41,9410	-0,049
41,9810	-0,003
42,0210	0,011
42,0610	-0,003
42,1010	-0,049
42,1410	-0,123
42,1810	-0,226
42,2210	-0,358
42,2610	-0,517
42,3010	-0,701
42,3410	-0,908
42,3810	-1,137
42,4210	-1,381
42,4610	-1,638
42,5010	-1,905
42,5410	-2,176
42,5810	-2,444
42,6210	-2,708
42,6610	-2,961
42,7010	-3,197
42,7410	-3,410
42,7810	-3,596
42,8210	-3,746
42,8610	-3,856
42,9010	-3,921
42,9410	-3,936
42,9810	-3,913
43,0210	-3,870
43,0610	-3,806
43,1010	-3,720
43,1410	-3,607
43,1810	-3,467
43,2210	-3,302
43,2610	-3,115
43,3010	-2,911
43,3410	-2,688
43,3810	-2,454
43,4210	-2,210
43,4610	-1,960
43,5010	-1,709
43,5410	-1,462
43,5810	-1,221
43,6210	-0,990
43,6610	-0,771
43,7010	-0,570
43,7410	-0,388
43,7810	-0,229
43,8210	-0,097
43,8610	0,006
43,9010	0,080
43,9410	0,119
43,9810	0,126
44,0210	0,096
44,0610	0,031
44,1010	-0,068
44,1410	-0,203
44,1810	-0,369
44,2210	-0,567
44,2610	-0,795
44,3010	-1,048
44,3410	-1,321
44,3810	-1,612
44,4210	-1,912
44,4610	-2,220
44,5010	-2,526
44,5410	-2,824
44,5810	-3,110
44,6210	-3,376
44,6610	-3,618
44,7010	-3,828
44,7410	-4,002
44,7810	-4,125
44,8210	-4,196
44,8610	-4,214
44,9010	-4,186
44,9410	-4,120
44,9810	-4,018
45,0210	-3,883
45,0610	-3,717
45,1010	-3,520
45,1410	-3,297
45,1810	-3,049
45,2210	-2,783
45,2610	-2,502
45,3010	-2,213
45,3410	-1,921
45,3810	-1,630
45,4210	-1,346
45,4610	-1,073
45,5010	-0,815
45,5410	-0,578
45,5810	-0,366
45,6210	-0,179
45,6610	-0,022
45,7010	0,104
45,7410	0,193
45,7810	0,247
45,8210	0,261
45,8610	0,237
45,9010	0,178
45,9410	0,082
45,9810	-0,049
46,0210	-0,214
46,0610	-0,408
46,1010	-0,631
46,1410	-0,880
46,1810	-1,150
46,2210	-1,434
46,2610	-1,731
46,3010	-2,034
46,3410	-2,336
46,3810	-2,633
46,4210	-2,920
46,4610	-3,189
46,5010	-3,435
46,5410	-3,655
46,5810	-3,842
46,6210	-3,995
46,6610	-4,109
46,7010	-4,183
46,7410	-4,214
46,7810	-4,203
46,8210	-4,152
46,8610	-4,061
46,9010	-3,932
46,9410	-3,768
46,9810	-3,574
47,0210	-3,349
47,0610	-3,101
47,1010	-2,834
47,1410	-2,551
47,1810	-2,260
47,2210	-1,965
47,2610	-1,671
47,3010	-1,385
47,3410	-1,112
47,3810	-0,853
47,4210	-0,616
47,4610	-0,402
47,5010	-0,215
47,5410	-0,058
47,5810	0,068
47,6210	0,159
47,6610	0,214
47,7010	0,229
47,7410	0,207
47,7810	0,151
47,8210	0,060
47,8610	-0,063
47,9010	-0,218
47,9410	-0,404
47,9810	-0,616
48,0210	-0,851
48,0610	-1,109
48,1010	-1,381
48,1410	-1,663
48,1810	-1,954
48,2210	-2,245
48,2610	-2,532
48,3010	-2,809
48,3410	-3,071
48,3810	-3,313
48,4210	-3,530
48,4610	-3,718
48,5010	-3,874
48,5410	-3,993
48,5810	-4,076
48,6210	-4,119
48,6610	-4,122
48,7010	-4,086
48,7410	-4,013
48,7810	-3,905
48,8210	-3,765
48,8610	-3,596
48,9010	-3,396
48,9410	-3,175
48,9810	-2,933
49,0210	-2,675
49,0610	-2,406
49,1010	-2,132
49,1410	-1,857
49,1810	-1,585
49,2210	-1,321
49,2610	-1,070
49,3010	-0,834
49,3410	-0,617
49,3810	-0,424
49,4210	-0,256
49,4610	-0,115
49,5010	-0,003
49,5410	0,075
49,5810	0,123
49,6210	0,135
49,6610	0,115
49,7010	0,060
49,7410	-0,025
49,7810	-0,143
49,8210	-0,291
49,8610	-0,468
49,9010	-0,672
49,9410	-0,900
49,9810	-1,148
50,0210	-1,412
50,0610	-1,689
50,1010	-1,971
50,1410	-2,257
50,1810	-2,540
50,2210	-2,813
50,2610	-3,074
50,3010	-3,314
50,3410	-3,531
50,3810	-3,720
50,4210	-3,877
50,4610	-3,998
50,5010	-4,083
50,5410	-4,126
50,5810	-4,131
50,6210	-4,097
50,6610	-4,028
50,7010	-3,927
50,7410	-3,795
50,7810	-3,632
50,8210	-3,440
50,8610	-3,222
50,9010	-2,981
50,9410	-2,722
50,9810	-2,452
51,0210	-2,172
51,0610	-1,888
51,1010	-1,607
51,1410	-1,332
51,1810	-1,068
51,2210	-0,820
51,2610	-0,591
51,3010	-0,385
51,3410	-0,204
51,3810	-0,050
51,4210	0,071
51,4610	0,157
51,5010	0,210
51,5410	0,226
51,5810	0,204
51,6210	0,146
51,6610	0,053
51,7010	-0,074
51,7410	-0,232
51,7810	-0,424
51,8210	-0,644
51,8610	-0,888
51,9010	-1,153
51,9410	-1,434
51,9810	-1,726
52,0210	-2,026
52,0610	-2,326
52,1010	-2,620
52,1410	-2,904
52,1810	-3,171
52,2210	-3,416
52,2610	-3,635
52,3010	-3,823
52,3410	-3,976
52,3810	-4,090
52,4210	-4,164
52,4610	-4,197
52,5010	-4,189
52,5410	-4,139
52,5810	-4,051
52,6210	-3,925
52,6610	-3,765
52,7010	-3,574
52,7410	-3,354
52,7810	-3,110
52,8210	-2,848
52,8610	-2,570
52,9010	-2,284
52,9410	-1,995
52,9810	-1,706
53,0210	-1,425
53,0610	-1,153
53,1010	-0,898
53,1410	-0,663
53,1810	-0,449
53,2210	-0,262
53,2610	-0,104
53,3010	0,024
53,3410	0,118
53,3810	0,178
53,4210	0,201
53,4610	0,190
53,5010	0,143
53,5410	0,063
53,5810	-0,052
53,6210	-0,196
53,6610	-0,371
53,7010	-0,573
53,7410	-0,800
53,7810	-1,046
53,8210	-1,310
53,8610	-1,587
53,9010	-1,871
53,9410	-2,157
53,9810	-2,439
54,0210	-2,716
54,0610	-2,978
54,1010	-3,223
54,1410	-3,445
54,1810	-3,640
54,2210	-3,803
54,2610	-3,932
54,3010	-4,026
54,3410	-4,079
54,3810	-4,095
54,4210	-4,072
54,4610	-4,012
54,5010	-3,918
54,5410	-3,790
54,5810	-3,632
54,6210	-3,445
54,6610	-3,234
54,7010	-3,003
54,7410	-2,757
54,7810	-2,498
54,8210	-2,231
54,8610	-1,963
54,9010	-1,696
54,9410	-1,437
54,9810	-1,191
55,0210	-0,957
55,0610	-0,741
55,1010	-0,547
55,1410	-0,375
55,1810	-0,229
55,2210	-0,112
55,2610	-0,024
55,3010	0,035
55,3410	0,060
55,3810	0,053
55,4210	0,016
55,4610	-0,050
55,5010	-0,148
55,5410	-0,273
55,5810	-0,426
55,6210	-0,603
55,6610	-0,804
55,7010	-1,026
55,7410	-1,264
55,7810	-1,517
55,8210	-1,778
55,8610	-2,045
55,9010	-2,312
55,9410	-2,576
55,9810	-2,829
56,0210	-3,068
56,0610	-3,289
56,1010	-3,487
56,1410	-3,658
56,1810	-3,800
56,2210	-3,908
56,2610	-3,984
56,3010	-4,021
56,3410	-4,021
56,3810	-3,987
56,4210	-3,916
56,4610	-3,814
56,5010	-3,680
56,5410	-3,517
56,5810	-3,329
56,6210	-3,115
56,6610	-2,882
56,7010	-2,636
56,7410	-2,377
56,7810	-2,111
56,8210	-1,844
56,8610	-1,580
56,9010	-1,323
56,9410	-1,074
56,9810	-0,842
57,0210	-0,628
57,0610	-0,434
57,1010	-0,265
57,1410	-0,123
57,1810	-0,009
57,2210	0,074
57,2610	0,123
57,3010	0,138
57,3410	0,119
57,3810	0,064
57,4210	-0,020
57,4610	-0,138
57,5010	-0,286
57,5410	-0,465
57,5810	-0,671
57,6210	-0,900
57,6610	-1,151
57,7010	-1,420
57,7410	-1,700
57,7810	-1,989
57,8210	-2,278
57,8610	-2,565
57,9010	-2,842
57,9410	-3,104
57,9810	-3,346
58,0210	-3,564
58,0610	-3,753
58,1010	-3,903
58,1410	-4,006
58,1810	-4,056
58,2210	-4,054
58,2610	-4,015
58,3010	-3,941
58,3410	-3,834
58,3810	-3,698
58,4210	-3,534
58,4610	-3,346
58,5010	-3,135
58,5410	-2,909
58,5810	-2,669
58,6210	-2,421
58,6610	-2,168
58,7010	-1,915
58,7410	-1,665
58,7810	-1,423
58,8210	-1,194
58,8610	-0,979
58,9010	-0,779
58,9410	-0,602
58,9810	-0,445
59,0210	-0,311
59,0610	-0,203
59,1010	-0,121
59,1410	-0,068
59,1810	-0,042
59,2210	-0,046
59,2610	-0,077
59,3010	-0,137
59,3410	-0,223
59,3810	-0,336
59,4210	-0,474
59,4610	-0,636
59,5010	-0,822
59,5410	-1,029
59,5810	-1,252
59,6210	-1,491
59,6610	-1,739
59,7010	-1,995
59,7410	-2,254
59,7810	-2,509
59,8210	-2,758
59,8610	-2,994
59,9010	-3,215
59,9410	-3,415
59,9810	-3,589
60,0210	-3,737
60,0610	-3,855
60,1010	-3,936
60,1410	-3,985
60,1810	-3,998
60,2210	-3,974
60,2610	-3,922
60,3010	-3,847
60,3410	-3,745
60,3810	-3,616
60,4210	-3,459
60,4610	-3,275
60,5010	-3,068
60,5410	-2,838
60,5810	-2,592
60,6210	-2,333
60,6610	-2,064
60,7010	-1,791
60,7410	-1,519
60,7810	-1,250
60,8210	-0,993
60,8610	-0,748
60,9010	-0,520
60,9410	-0,314
60,9810	-0,135
61,0210	0,017
61,0610	0,137
61,1010	0,220
61,1410	0,267
61,1810	0,273
61,2210	0,242
61,2610	0,170
61,3010	0,060
61,3410	-0,086
61,3810	-0,269
61,4210	-0,484
61,4610	-0,729
61,5010	-1,001
61,5410	-1,293
61,5810	-1,601
61,6210	-1,918
61,6610	-2,242
61,7010	-2,560
61,7410	-2,870
61,7810	-3,165
61,8210	-3,437
61,8610	-3,682
61,9010	-3,894
61,9410	-4,070
61,9810	-4,203
62,0210	-4,295
62,0610	-4,340
62,1010	-4,339
62,1410	-4,295
62,1810	-4,207
62,2210	-4,076
62,2610	-3,910
62,3010	-3,707
62,3410	-3,473
62,3810	-3,212
62,4210	-2,931
62,4610	-2,633
62,5010	-2,325
62,5410	-2,012
62,5810	-1,703
62,6210	-1,400
62,6610	-1,111
62,7010	-0,839
62,7410	-0,589
62,7810	-0,366
62,8210	-0,173
62,8610	-0,011
62,9010	0,116
62,9410	0,206
62,9810	0,258
63,0210	0,272
63,0610	0,247
63,1010	0,187
63,1410	0,094
63,1810	-0,033
63,2210	-0,190
63,2610	-0,377
63,3010	-0,589
63,3410	-0,823
63,3810	-1,078
63,4210	-1,346
63,4610	-1,624
63,5010	-1,909
63,5410	-2,193
63,5810	-2,471
63,6210	-2,741
63,6610	-2,994
63,7010	-3,230
63,7410	-3,440
63,7810	-3,622
63,8210	-3,775
63,8610	-3,892
63,9010	-3,976
63,9410	-4,021
63,9810	-4,031
64,0210	-4,002
64,0610	-3,941
64,1010	-3,847
64,1410	-3,723
64,1810	-3,570
64,2210	-3,393
64,2610	-3,193
64,3010	-2,977
64,3410	-2,744
64,3810	-2,502
64,4210	-2,254
64,4610	-2,004
64,5010	-1,758
64,5410	-1,519
64,5810	-1,288
64,6210	-1,071
64,6610	-0,870
64,7010	-0,688
64,7410	-0,526
64,7810	-0,386
64,8210	-0,270
64,8610	-0,179
64,9010	-0,115
64,9410	-0,077
64,9810	-0,068
65,0210	-0,086
65,0610	-0,132
65,1010	-0,204
65,1410	-0,300
65,1810	-0,424
65,2210	-0,570
65,2610	-0,741
65,3010	-0,933
65,3410	-1,144
65,3810	-1,370
65,4210	-1,608
65,4610	-1,855
65,5010	-2,108
65,5410	-2,359
65,5810	-2,608
65,6210	-2,848
65,6610	-3,072
65,7010	-3,281
65,7410	-3,468
65,7810	-3,629
65,8210	-3,762
65,8610	-3,863
65,9010	-3,930
65,9410	-3,963
65,9810	-3,958
66,0210	-3,916
66,0610	-3,844
66,1010	-3,738
66,1410	-3,605
66,1810	-3,442
66,2210	-3,255
66,2610	-3,046
66,3010	-2,818
66,3410	-2,575
66,3810	-2,322
66,4210	-2,061
66,4610	-1,799
66,5010	-1,538
66,5410	-1,285
66,5810	-1,040
66,6210	-0,811
66,6610	-0,598
66,7010	-0,405
66,7410	-0,237
66,7810	-0,096
66,8210	0,017
66,8610	0,097
66,9010	0,145
66,9410	0,157
66,9810	0,135
67,0210	0,077
67,0610	-0,016
67,1010	-0,141
67,1410	-0,302
67,1810	-0,492
67,2210	-0,710
67,2610	-0,953
67,3010	-1,219
67,3410	-1,500
67,3810	-1,792
67,4210	-2,092
67,4610	-2,391
67,5010	-2,686
67,5410	-2,969
67,5810	-3,233
67,6210	-3,476
67,6610	-3,691
67,7010	-3,875
67,7410	-4,023
67,7810	-4,131
67,8210	-4,200
67,8610	-4,225
67,9010	-4,208
67,9410	-4,150
67,9810	-4,051
68,0210	-3,916
68,0610	-3,746
68,1010	-3,544
68,1410	-3,314
68,1810	-3,061
68,2210	-2,790
68,2610	-2,505
68,3010	-2,210
68,3410	-1,915
68,3810	-1,621
68,4210	-1,334
68,4610	-1,060
68,5010	-0,804
68,5410	-0,569
68,5810	-0,358
68,6210	-0,174
68,6610	-0,022
68,7010	0,099
68,7410	0,184
68,7810	0,232
68,8210	0,245
68,8610	0,221
68,9010	0,162
68,9410	0,068
68,9810	-0,061
69,0210	-0,221
69,0610	-0,413
69,1010	-0,630
69,1410	-0,872
69,1810	-1,134
69,2210	-1,411
69,2610	-1,698
69,3010	-1,992
69,3410	-2,286
69,3810	-2,575
69,4210	-2,851
69,4610	-3,112
69,5010	-3,352
69,5410	-3,566
69,5810	-3,751
69,6210	-3,902
69,6610	-4,017
69,7010	-4,092
69,7410	-4,130
69,7810	-4,126
69,8210	-4,084
69,8610	-4,006
69,9010	-3,891
69,9410	-3,743
69,9810	-3,566
70,0210	-3,362
70,0610	-3,135
70,1010	-2,889
70,1410	-2,628
70,1810	-2,359
70,2210	-2,084
70,2610	-1,811
70,3010	-1,544
70,3410	-1,285
70,3810	-1,040
70,4210	-0,812
70,4610	-0,605
70,5010	-0,419
70,5410	-0,261
70,5810	-0,130
70,6210	-0,028
70,6610	0,042
70,7010	0,082
70,7410	0,086
70,7810	0,060
70,8210	0,002
70,8610	-0,088
70,9010	-0,206
70,9410	-0,352
70,9810	-0,526
71,0210	-0,724
71,0610	-0,946
71,1010	-1,186
71,1410	-1,440
71,1810	-1,704
71,2210	-1,978
71,2610	-2,251
71,3010	-2,523
71,3410	-2,785
71,3810	-3,033
71,4210	-3,266
71,4610	-3,473
71,5010	-3,655
71,5410	-3,808
71,5810	-3,925
71,6210	-4,009
71,6610	-4,054
71,7010	-4,062
71,7410	-4,032
71,7810	-3,966
71,8210	-3,867
71,8610	-3,734
71,9010	-3,570
71,9410	-3,380
71,9810	-3,165
72,0210	-2,931
72,0610	-2,680
72,1010	-2,419
72,1410	-2,150
72,1810	-1,879
72,2210	-1,612
72,2610	-1,351
72,3010	-1,101
72,3410	-0,867
72,3810	-0,652
72,4210	-0,459
72,4610	-0,289
72,5010	-0,148
72,5410	-0,033
72,5810	0,049
72,6210	0,097
72,6610	0,110
72,7010	0,090
72,7410	0,038
72,7810	-0,046
72,8210	-0,160
72,8610	-0,305
72,9010	-0,478
72,9410	-0,674
72,9810	-0,895
73,0210	-1,136
73,0610	-1,392
73,1010	-1,659
73,1410	-1,934
73,1810	-2,212
73,2210	-2,487
73,2610	-2,752
73,3010	-3,007
73,3410	-3,242
73,3810	-3,456
73,4210	-3,643
73,4610	-3,800
73,5010	-3,924
73,5410	-4,012
73,5810	-4,062
73,6210	-4,075
73,6610	-4,050
73,7010	-3,987
73,7410	-3,891
73,7810	-3,762
73,8210	-3,602
73,8610	-3,413
73,9010	-3,201
73,9410	-2,969
73,9810	-2,719
74,0210	-2,457
74,0610	-2,188
74,1010	-1,916
74,1410	-1,648
74,1810	-1,385
74,2210	-1,133
74,2610	-0,895
74,3010	-0,677
74,3410	-0,479
74,3810	-0,306
74,4210	-0,160
74,4610	-0,041
74,5010	0,046
74,5410	0,101
74,5810	0,123
74,6210	0,112
74,6610	0,068
74,7010	-0,009
74,7410	-0,118
74,7810	-0,256
74,8210	-0,424
74,8610	-0,619
74,9010	-0,837
74,9410	-1,078
74,9810	-1,335
75,0210	-1,607
75,0610	-1,885
75,1010	-2,168
75,1410	-2,449
75,1810	-2,722
75,2210	-2,983
75,2610	-3,226
75,3010	-3,448
75,3410	-3,641
75,3810	-3,804
75,4210	-3,935
75,4610	-4,029
75,5010	-4,079
75,5410	-4,079
75,5810	-4,039
75,6210	-3,962
75,6610	-3,852
75,7010	-3,710
75,7410	-3,542
75,7810	-3,347
75,8210	-3,131
75,8610	-2,895
75,9010	-2,648
75,9410	-2,391
75,9810	-2,130
76,0210	-1,868
76,0610	-1,612
76,1010	-1,362
76,1410	-1,125
76,1810	-0,903
76,2210	-0,701
76,2610	-0,518
76,3010	-0,361
76,3410	-0,228
76,3810	-0,121
76,4210	-0,044
76,4610	0,005
76,5010	0,022
76,5410	0,009
76,5810	-0,033
76,6210	-0,105
76,6610	-0,206
76,7010	-0,333
76,7410	-0,489
76,7810	-0,666
76,8210	-0,867
76,8610	-1,089
76,9010	-1,326
76,9410	-1,574
76,9810	-1,832
77,0210	-2,094
77,0610	-2,356
77,1010	-2,614
77,1410	-2,860
77,1810	-3,093
77,2210	-3,303
77,2610	-3,486
77,3010	-3,633
77,3410	-3,745
77,3810	-3,815
77,4210	-3,842
77,4610	-3,828
77,5010	-3,793
77,5410	-3,740
77,5810	-3,662
77,6210	-3,558
77,6610	-3,431
77,7010	-3,281
77,7410	-3,113
77,7810	-2,926
77,8210	-2,724
77,8610	-2,512
77,9010	-2,289
77,9410	-2,061
77,9810	-1,832
78,0210	-1,604
78,0610	-1,379
78,1010	-1,164
78,1410	-0,958
78,1810	-0,767
78,2210	-0,591
78,2610	-0,432
78,3010	-0,295
78,3410	-0,181
78,3810	-0,093
78,4210	-0,033
78,4610	-0,005
78,5010	-0,006
78,5410	-0,039
78,5810	-0,105
78,6210	-0,203
78,6610	-0,333
78,7010	-0,493
78,7410	-0,683
78,7810	-0,900
78,8210	-1,140
78,8610	-1,401
78,9010	-1,679
78,9410	-1,968
78,9810	-2,262
79,0210	-2,556
79,0610	-2,843
79,1010	-3,118
79,1410	-3,374
79,1810	-3,605
79,2210	-3,800
79,2610	-3,952
79,3010	-4,057
79,3410	-4,117
79,3810	-4,128
79,4210	-4,097
79,4610	-4,029
79,5010	-3,925
79,5410	-3,790
79,5810	-3,624
79,6210	-3,426
79,6610	-3,203
79,7010	-2,958
79,7410	-2,695
79,7810	-2,419
79,8210	-2,135
79,8610	-1,846
79,9010	-1,560
79,9410	-1,280
79,9810	-1,013
80,0210	-0,760
80,0610	-0,529
80,1010	-0,320
80,1410	-0,138
80,1810	0,014
80,2210	0,134
80,2610	0,218
80,3010	0,265
80,3410	0,273
80,3810	0,243
80,4210	0,174
80,4610	0,071
80,5010	-0,071
80,5410	-0,245
80,5810	-0,452
80,6210	-0,690
80,6610	-0,950
80,7010	-1,233
80,7410	-1,533
80,7810	-1,843
80,8210	-2,157
80,8610	-2,469
80,9010	-2,774
80,9410	-3,066
80,9810	-3,338
81,0210	-3,583
81,0610	-3,798
81,1010	-3,979
81,1410	-4,122
81,1810	-4,222
81,2210	-4,279
81,2610	-4,291
81,3010	-4,260
81,3410	-4,186
81,3810	-4,072
81,4210	-3,919
81,4610	-3,732
81,5010	-3,512
81,5410	-3,266
81,5810	-2,994
81,6210	-2,706
81,6610	-2,405
81,7010	-2,097
81,7410	-1,789
81,7810	-1,486
81,8210	-1,194
81,8610	-0,917
81,9010	-0,660
81,9410	-0,426
81,9810	-0,220
82,0210	-0,044
82,0610	0,099
82,1010	0,206
82,1410	0,276
82,1810	0,308
82,2210	0,302
82,2610	0,258
82,3010	0,176
82,3410	0,058
82,3810	-0,094
82,4210	-0,278
82,4610	-0,490
82,5010	-0,727
82,5410	-0,985
82,5810	-1,258
82,6210	-1,544
82,6610	-1,838
82,7010	-2,135
82,7410	-2,430
82,7810	-2,717
82,8210	-2,992
82,8610	-3,247
82,9010	-3,479
82,9410	-3,685
82,9810	-3,858
83,0210	-3,995
83,0610	-4,093
83,1010	-4,152
83,1410	-4,170
83,1810	-4,148
83,2210	-4,086
83,2610	-3,987
83,3010	-3,853
83,3410	-3,685
83,3810	-3,489
83,4210	-3,266
83,4610	-3,021
83,5010	-2,757
83,5410	-2,482
83,5810	-2,199
83,6210	-1,915
83,6610	-1,634
83,7010	-1,360
83,7410	-1,098
83,7810	-0,853
83,8210	-0,628
83,8610	-0,427
83,9010	-0,253
83,9410	-0,107
83,9810	0,008
84,0210	0,091
84,0610	0,140
84,1010	0,152
84,1410	0,134
84,1810	0,080
84,2210	-0,006
84,2610	-0,123
84,3010	-0,269
84,3410	-0,443
84,3810	-0,644
84,4210	-0,867
84,4610	-1,109
84,5010	-1,368
84,5410	-1,637
84,5810	-1,913
84,6210	-2,191
84,6610	-2,465
84,7010	-2,732
84,7410	-2,985
84,7810	-3,220
84,8210	-3,432
84,8610	-3,618
84,9010	-3,775
84,9410	-3,897
84,9810	-3,985
85,0210	-4,037
85,0610	-4,051
85,1010	-4,028
85,1410	-3,968
85,1810	-3,875
85,2210	-3,751
85,2610	-3,597
85,3010	-3,415
85,3410	-3,209
85,3810	-2,985
85,4210	-2,743
85,4610	-2,490
85,5010	-2,231
85,5410	-1,967
85,5810	-1,706
85,6210	-1,451
85,6610	-1,208
85,7010	-0,977
85,7410	-0,765
85,7810	-0,572
85,8210	-0,401
85,8610	-0,254
85,9010	-0,135
85,9410	-0,044
85,9810	0,016
86,0210	0,046
86,0610	0,044
86,1010	0,013
86,1410	-0,050
86,1810	-0,143
86,2210	-0,264
86,2610	-0,415
86,3010	-0,591
86,3410	-0,790
86,3810	-1,012
86,4210	-1,252
86,4610	-1,508
86,5010	-1,773
86,5410	-2,045
86,5810	-2,318
86,6210	-2,589
86,6610	-2,848
86,7010	-3,094
86,7410	-3,322
86,7810	-3,525
86,8210	-3,702
86,8610	-3,847
86,9010	-3,958
86,9410	-4,034
86,9810	-4,072
87,0210	-4,070
87,0610	-4,031
87,1010	-3,957
87,1410	-3,847
87,1810	-3,706
87,2210	-3,534
87,2610	-3,335
87,3010	-3,112
87,3410	-2,868
87,3810	-2,609
87,4210	-2,340
87,4610	-2,062
87,5010	-1,784
87,5410	-1,510
87,5810	-1,243
87,6210	-0,988
87,6610	-0,749
87,7010	-0,529
87,7410	-0,335
87,7810	-0,163
87,8210	-0,022
87,8610	0,088
87,9010	0,165
87,9410	0,207
87,9810	0,214
88,0210	0,182
88,0610	0,118
88,1010	0,016
88,1410	-0,119
88,1810	-0,286
88,2210	-0,482
88,2610	-0,705
88,3010	-0,952
88,3410	-1,216
88,3810	-1,495
88,4210	-1,784
88,4610	-2,080
88,5010	-2,375
88,5410	-2,666
88,5810	-2,945
88,6210	-3,209
88,6610	-3,449
88,7010	-3,665
88,7410	-3,848
88,7810	-3,998
88,8210	-4,109
88,8610	-4,178
88,9010	-4,207
88,9410	-4,194
88,9810	-4,139
89,0210	-4,045
89,0610	-3,914
89,1010	-3,749
89,1410	-3,552
89,1810	-3,324
89,2210	-3,072
89,2610	-2,799
89,3010	-2,512
89,3410	-2,212
89,3810	-1,907
89,4210	-1,604
89,4610	-1,307
89,5010	-1,019
89,5410	-0,748
89,5810	-0,498
89,6210	-0,270
89,6610	-0,071
89,7010	0,096
89,7410	0,229
89,7810	0,325
89,8210	0,380
89,8610	0,394
89,9010	0,366
89,9410	0,297
89,9810	0,185
90,0210	0,035
90,0610	-0,154
90,1010	-0,377
90,1410	-0,631
90,1810	-0,911
90,2210	-1,211
90,2610	-1,527
90,3010	-1,854
90,3410	-2,185
90,3810	-2,515
90,4210	-2,837
90,4610	-3,143
90,5010	-3,427
90,5410	-3,684
90,5810	-3,908
90,6210	-4,093
90,6610	-4,238
90,7010	-4,337
90,7410	-4,390
90,7810	-4,397
90,8210	-4,356
90,8610	-4,269
90,9010	-4,141
90,9410	-3,971
90,9810	-3,764
91,0210	-3,525
91,0610	-3,256
91,1010	-2,966
91,1410	-2,656
91,1810	-2,337
91,2210	-2,012
91,2610	-1,690
91,3010	-1,374
91,3410	-1,073
91,3810	-0,790
91,4210	-0,531
91,4610	-0,298
91,5010	-0,097
91,5410	0,069
91,5810	0,198
91,6210	0,291
91,6610	0,341
91,7010	0,353
91,7410	0,325
91,7810	0,259
91,8210	0,157
91,8610	0,019
91,9010	-0,151
91,9410	-0,352
91,9810	-0,581
92,0210	-0,833
92,0610	-1,106
92,1010	-1,392
92,1410	-1,689
92,1810	-1,990
92,2210	-2,290
92,2610	-2,582
92,3010	-2,864
92,3410	-3,127
92,3810	-3,368
92,4210	-3,581
92,4610	-3,764
92,5010	-3,911
92,5410	-4,023
92,5810	-4,095
92,6210	-4,126
92,6610	-4,120
92,7010	-4,075
92,7410	-3,991
92,7810	-3,875
92,8210	-3,726
92,8610	-3,548
92,9010	-3,344
92,9410	-3,120
92,9810	-2,876
93,0210	-2,620
93,0610	-2,355
93,1010	-2,086
93,1410	-1,819
93,1810	-1,558
93,2210	-1,307
93,2610	-1,068
93,3010	-0,847
93,3410	-0,646
93,3810	-0,467
93,4210	-0,313
93,4610	-0,184
93,5010	-0,085
93,5410	-0,014
93,5810	0,025
93,6210	0,033
93,6610	0,008
93,7010	-0,047
93,7410	-0,130
93,7810	-0,242
93,8210	-0,380
93,8610	-0,545
93,9010	-0,732
93,9410	-0,942
93,9810	-1,170
94,0210	-1,414
94,0610	-1,670
94,1010	-1,932
94,1410	-2,198
94,1810	-2,461
94,2210	-2,719
94,2610	-2,964
94,3010	-3,193
94,3410	-3,401
94,3810	-3,585
94,4210	-3,740
94,4610	-3,864
94,5010	-3,949
94,5410	-3,987
94,5810	-3,979
94,6210	-3,936
94,6610	-3,859
94,7010	-3,753
94,7410	-3,616
94,7810	-3,453
94,8210	-3,264
94,8610	-3,055
94,9010	-2,829
94,9410	-2,590
94,9810	-2,342
95,0210	-2,088
95,0610	-1,833
95,1010	-1,580
95,1410	-1,337
95,1810	-1,103
95,2210	-0,883
95,2610	-0,679
95,3010	-0,496
95,3410	-0,336
95,3810	-0,199
95,4210	-0,090
95,4610	-0,008
95,5010	0,042
95,5410	0,061
95,5810	0,049
95,6210	0,005
95,6610	-0,071
95,7010	-0,178
95,7410	-0,316
95,7810	-0,482
95,8210	-0,675
95,8610	-0,894
95,9010	-1,133
95,9410	-1,392
95,9810	-1,663
96,0210	-1,945
96,0610	-2,229
96,1010	-2,512
96,1410	-2,788
96,1810	-3,050
96,2210	-3,296
96,2610	-3,517
96,3010	-3,702
96,3410	-3,850
96,3810	-3,957
96,4210	-4,020
96,4610	-4,037
96,5010	-4,013
96,5410	-3,955
96,5810	-3,866
96,6210	-3,748
96,6610	-3,600
96,7010	-3,426
96,7410	-3,228
96,7810	-3,010
96,8210	-2,776
96,8610	-2,527
96,9010	-2,273
96,9410	-2,014
96,9810	-1,755
97,0210	-1,502
97,0610	-1,257
97,1010	-1,023
97,1410	-0,806
97,1810	-0,608
97,2210	-0,430
97,2610	-0,276
97,3010	-0,149
97,3410	-0,049
97,3810	0,022
97,4210	0,061
97,4610	0,069
97,5010	0,046
97,5410	-0,011
97,5810	-0,097
97,6210	-0,215
97,6610	-0,361
97,7010	-0,537
97,7410	-0,738
97,7810	-0,963
97,8210	-1,208
97,8610	-1,469
97,9010	-1,740
97,9410	-2,022
97,9810	-2,303
98,0210	-2,582
98,0610	-2,851
98,1010	-3,107
98,1410	-3,343
98,1810	-3,555
98,2210	-3,734
98,2610	-3,874
98,3010	-3,966
98,3410	-4,012
98,3810	-4,010
98,4210	-3,969
98,4610	-3,896
98,5010	-3,792
98,5410	-3,657
98,5810	-3,495
98,6210	-3,310
98,6610	-3,104
98,7010	-2,879
98,7410	-2,644
98,7810	-2,399
98,8210	-2,149
98,8610	-1,899
98,9010	-1,652
98,9410	-1,414
98,9810	-1,186
99,0210	-0,972
99,0610	-0,774
99,1010	-0,597
99,1410	-0,441
99,1810	-0,308
99,2210	-0,198
99,2610	-0,116
99,3010	-0,061
99,3410	-0,035
99,3810	-0,038
99,4210	-0,068
99,4610	-0,127
99,5010	-0,215
99,5410	-0,330
99,5810	-0,470
99,6210	-0,636
99,6610	-0,825
99,7010	-1,035
99,7410	-1,263
99,7810	-1,506
99,8210	-1,759
99,8610	-2,018
99,9010	-2,281
99,9410	-2,540
99,9810	-2,791
100,0210	-3,028
100,0610	-3,250
100,1010	-3,451
100,1410	-3,625
100,1810	-3,771
100,2210	-3,885
100,2610	-3,963
100,3010	-4,007
100,3410	-4,013
100,3810	-3,985
100,4210	-3,922
100,4610	-3,826
100,5010	-3,698
100,5410	-3,541
100,5810	-3,357
100,6210	-3,149
100,6610	-2,922
100,7010	-2,678
100,7410	-2,421
100,7810	-2,155
100,8210	-1,887
100,8610	-1,618
100,9010	-1,356
100,9410	-1,103
100,9810	-0,861
101,0210	-0,638
101,0610	-0,434
101,1010	-0,254
101,1410	-0,102
101,1810	0,022
101,2210	0,115
101,2610	0,173
101,3010	0,196
101,3410	0,184
101,3810	0,137
101,4210	0,052
101,4610	-0,066
101,5010	-0,218
101,5410	-0,402
101,5810	-0,616
101,6210	-0,853
101,6610	-1,112
101,7010	-1,389
101,7410	-1,678
101,7810	-1,974
101,8210	-2,276
101,8610	-2,573
101,9010	-2,862
101,9410	-3,135
101,9810	-3,388
102,0210	-3,616
102,0610	-3,814
102,1010	-3,977
102,1410	-4,103
102,1810	-4,188
102,2210	-4,230
102,2610	-4,230
102,3010	-4,188
102,3410	-4,104
102,3810	-3,984
102,4210	-3,825
102,4610	-3,633
102,5010	-3,410
102,5410	-3,162
102,5810	-2,892
102,6210	-2,604
102,6610	-2,308
102,7010	-2,004
102,7410	-1,701
102,7810	-1,403
102,8210	-1,117
102,8610	-0,845
102,9010	-0,595
102,9410	-0,368
102,9810	-0,168
103,0210	0,000
103,0610	0,135
103,1010	0,236
103,1410	0,297
103,1810	0,319
103,2210	0,305
103,2610	0,250
103,3010	0,159
103,3410	0,033
103,3810	-0,127
103,4210	-0,319
103,4610	-0,537
103,5010	-0,782
103,5410	-1,046
103,5810	-1,327
103,6210	-1,621
103,6610	-1,923
103,7010	-2,226
103,7410	-2,524
103,7810	-2,813
103,8210	-3,088
103,8610	-3,343
103,9010	-3,572
103,9410	-3,770
103,9810	-3,935
104,0210	-4,062
104,0610	-4,148
104,1010	-4,196
104,1410	-4,200
104,1810	-4,163
104,2210	-4,086
104,2610	-3,971
104,3010	-3,820
104,3410	-3,638
104,3810	-3,426
104,4210	-3,189
104,4610	-2,931
104,5010	-2,658
104,5410	-2,373
104,5810	-2,083
104,6210	-1,794
104,6610	-1,510
104,7010	-1,236
104,7410	-0,977
104,7810	-0,735
104,8210	-0,517
104,8610	-0,324
104,9010	-0,159
104,9410	-0,024
104,9810	0,079
105,0210	0,146
105,0610	0,178
105,1010	0,174
105,1410	0,137
105,1810	0,066
105,2210	-0,038
105,2610	-0,171
105,3010	-0,336
105,3410	-0,528
105,3810	-0,745
105,4210	-0,983
105,4610	-1,239
105,5010	-1,510
105,5410	-1,788
105,5810	-2,072
105,6210	-2,353
105,6610	-2,630
105,7010	-2,895
105,7410	-3,143
105,7810	-3,369
105,8210	-3,572
105,8610	-3,743
105,9010	-3,883
105,9410	-3,987
105,9810	-4,054
106,0210	-4,081
106,0610	-4,072
106,1010	-4,023
106,1410	-3,940
106,1810	-3,823
106,2210	-3,676
106,2610	-3,498
106,3010	-3,296
106,3410	-3,069
106,3810	-2,826
106,4210	-2,568
106,4610	-2,301
106,5010	-2,029
106,5410	-1,758
106,5810	-1,492
106,6210	-1,235
106,6610	-0,990
106,7010	-0,763
106,7410	-0,556
106,7810	-0,371
106,8210	-0,212
106,8610	-0,080
106,9010	0,020
106,9410	0,090
106,9810	0,127
107,0210	0,130
107,0610	0,099
107,1010	0,035
107,1410	-0,058
107,1810	-0,181
107,2210	-0,331
107,2610	-0,511
107,3010	-0,715
107,3410	-0,944
107,3810	-1,194
107,4210	-1,461
107,4610	-1,739
107,5010	-2,023
107,5410	-2,311
107,5810	-2,593
107,6210	-2,865
107,6610	-3,124
107,7010	-3,363
107,7410	-3,577
107,7810	-3,760
107,8210	-3,913
107,8610	-4,029
107,9010	-4,106
107,9410	-4,144
107,9810	-4,142
108,0210	-4,100
108,0610	-4,020
108,1010	-3,902
108,1410	-3,751
108,1810	-3,569
108,2210	-3,357
108,2610	-3,121
108,3010	-2,865
108,3410	-2,592
108,3810	-2,309
108,4210	-2,020
108,4610	-1,731
108,5010	-1,448
108,5410	-1,173
108,5810	-0,913
108,6210	-0,671
108,6610	-0,449
108,7010	-0,254
108,7410	-0,088
108,7810	0,049
108,8210	0,151
108,8610	0,217
108,9010	0,247
108,9410	0,237
108,9810	0,193
109,0210	0,113
109,0610	-0,003
109,1010	-0,152
109,1410	-0,335
109,1810	-0,545
109,2210	-0,782
109,2610	-1,043
109,3010	-1,323
109,3410	-1,616
109,3810	-1,918
109,4210	-2,221
109,4610	-2,523
109,5010	-2,815
109,5410	-3,093
109,5810	-3,349
109,6210	-3,578
109,6610	-3,779
109,7010	-3,944
109,7410	-4,073
109,7810	-4,161
109,8210	-4,207
109,8610	-4,210
109,9010	-4,170
109,9410	-4,092
109,9810	-3,976
110,0210	-3,823
110,0610	-3,638
110,1010	-3,423
110,1410	-3,182
110,1810	-2,922
110,2210	-2,645
110,2610	-2,358
110,3010	-2,064
110,3410	-1,770
110,3810	-1,483
110,4210	-1,205
110,4610	-0,942
110,5010	-0,699
110,5410	-0,476
110,5810	-0,280
110,6210	-0,113
110,6610	0,025
110,7010	0,129
110,7410	0,198
110,7810	0,231
110,8210	0,228
110,8610	0,188
110,9010	0,115
110,9410	0,005
110,9810	-0,137
111,0210	-0,309
111,0610	-0,512
111,1010	-0,738
111,1410	-0,988
111,1810	-1,255
111,2210	-1,535
111,2610	-1,824
111,3010	-2,116
111,3410	-2,406
111,3810	-2,689
111,4210	-2,961
111,4610	-3,214
111,5010	-3,445
111,5410	-3,646
111,5810	-3,817
111,6210	-3,952
111,6610	-4,051
111,7010	-4,109
111,7410	-4,128
111,7810	-4,108
111,8210	-4,048
111,8610	-3,952
111,9010	-3,823
111,9410	-3,662
111,9810	-3,470
112,0210	-3,252
112,0610	-3,013
112,1010	-2,757
112,1410	-2,488
112,1810	-2,212
112,2210	-1,932
112,2610	-1,656
112,3010	-1,385
112,3410	-1,128
112,3810	-0,884
112,4210	-0,660
112,4610	-0,459
112,5010	-0,281
112,5410	-0,132
112,5810	-0,011
112,6210	0,077
112,6610	0,130
112,7010	0,151
112,7410	0,137
112,7810	0,090
112,8210	0,008
112,8610	-0,104
112,9010	-0,248
112,9410	-0,421
112,9810	-0,620
113,0210	-0,844
113,0610	-1,089
113,1010	-1,348
113,1410	-1,618
113,1810	-1,896
113,2210	-2,177
113,2610	-2,455
113,3010	-2,725
113,3410	-2,983
113,3810	-3,223
113,4210	-3,442
113,4610	-3,633
113,5010	-3,793
113,5410	-3,922
113,5810	-4,013
113,6210	-4,068
113,6610	-4,084
113,7010	-4,062
113,7410	-4,002
113,7810	-3,910
113,8210	-3,782
113,8610	-3,624
113,9010	-3,437
113,9410	-3,225
113,9810	-2,991
114,0210	-2,739
114,0610	-2,476
114,1010	-2,204
114,1410	-1,927
114,1810	-1,654
114,2210	-1,387
114,2610	-1,129
114,3010	-0,888
114,3410	-0,663
114,3810	-0,460
114,4210	-0,281
114,4610	-0,129
114,5010	-0,006
114,5410	0,085
114,5810	0,143
114,6210	0,165
114,6610	0,152
114,7010	0,107
114,7410	0,027
114,7810	-0,086
114,8210	-0,232
114,8610	-0,407
114,9010	-0,611
114,9410	-0,840
114,9810	-1,092
115,0210	-1,362
115,0610	-1,643
115,1010	-1,932
115,1410	-2,226
115,1810	-2,515
115,2210	-2,794
115,2610	-3,061
115,3010	-3,308
115,3410	-3,530
115,3810	-3,723
115,4210	-3,883
115,4610	-4,007
115,5010	-4,092
115,5410	-4,137
115,5810	-4,142
115,6210	-4,108
115,6610	-4,035
115,7010	-3,927
115,7410	-3,784
115,7810	-3,611
115,8210	-3,409
115,8610	-3,182
115,9010	-2,937
115,9410	-2,675
115,9810	-2,403
116,0210	-2,125
116,0610	-1,847
116,1010	-1,574
116,1410	-1,308
116,1810	-1,057
116,2210	-0,823
116,2610	-0,609
116,3010	-0,419
116,3410	-0,256
116,3810	-0,119
116,4210	-0,014
116,4610	0,060
116,5010	0,101
116,5410	0,108
116,5810	0,083
116,6210	0,027
116,6610	-0,058
116,7010	-0,170
116,7410	-0,306
116,7810	-0,471
116,8210	-0,660
116,8610	-0,872
116,9010	-1,103
116,9410	-1,349
116,9810	-1,608
117,0210	-1,876
117,0610	-2,144
117,1010	-2,413
117,1410	-2,673
117,1810	-2,925
117,2210	-3,157
117,2610	-3,371
117,3010	-3,559
117,3410	-3,720
117,3810	-3,848
117,4210	-3,943
117,4610	-4,002
117,5010	-4,024
117,5410	-4,010
117,5810	-3,960
117,6210	-3,877
117,6610	-3,762
117,7010	-3,618
117,7410	-3,445
117,7810	-3,247
117,8210	-3,028
117,8610	-2,791
117,9010	-2,542
117,9410	-2,282
117,9810	-2,018
118,0210	-1,755
118,0610	-1,494
118,1010	-1,243
118,1410	-1,002
118,1810	-0,778
118,2210	-0,572
118,2610	-0,388
118,3010	-0,228
118,3410	-0,096
118,3810	0,008
118,4210	0,080
118,4610	0,119
118,5010	0,124
118,5410	0,096
118,5810	0,035
118,6210	-0,061
118,6610	-0,188
118,7010	-0,347
118,7410	-0,534
118,7810	-0,749
118,8210	-0,988
118,8610	-1,247
118,9010	-1,522
118,9410	-1,806
118,9810	-2,099
119,0210	-2,391
119,0610	-2,677
119,1010	-2,952
119,1410	-3,211
119,1810	-3,446
119,2210	-3,654
119,2610	-3,822
119,3010	-3,949
119,3410	-4,031
119,3810	-4,064
119,4210	-4,054
119,4610	-4,020
119,5010	-3,969
119,5410	-3,900
119,5810	-3,804
119,6210	-3,679
119,6610	-3,525
119,7010	-3,341
119,7410	-3,132
119,7810	-2,901
119,8210	-2,652
119,8610	-2,388
119,9010	-2,116
119,9410	-1,838
119,9810	-1,560
120,0210	-1,286
120,0610	-1,021
120,1010	-0,771
120,1410	-0,537
120,1810	-0,325
120,2210	-0,137
120,2610	0,020
120,3010	0,146
120,3410	0,236
120,3810	0,289
120,4210	0,303
120,4610	0,276
120,5010	0,210
120,5410	0,107
120,5810	-0,036
120,6210	-0,217
120,6610	-0,430
120,7010	-0,677
120,7410	-0,949
120,7810	-1,243
120,8210	-1,552
120,8610	-1,874
120,9010	-2,201
120,9410	-2,524
120,9810	-2,842
121,0210	-3,142
121,0610	-3,421
121,1010	-3,674
121,1410	-3,894
121,1810	-4,073
121,2210	-4,199
121,2610	-4,271
121,3010	-4,287
121,3410	-4,252
121,3810	-4,177
121,4210	-4,062
121,4610	-3,910
121,5010	-3,724
121,5410	-3,509
121,5810	-3,269
121,6210	-3,008
121,6610	-2,732
121,7010	-2,446
121,7410	-2,154
121,7810	-1,863
121,8210	-1,579
121,8610	-1,307
121,9010	-1,049
121,9410	-0,811
121,9810	-0,595
122,0210	-0,405
122,0610	-0,242
122,1010	-0,110
122,1410	-0,009
122,1810	0,060
122,2210	0,096
122,2610	0,099
122,3010	0,071
122,3410	0,011
122,3810	-0,075
122,4210	-0,192
122,4610	-0,333
122,5010	-0,498
122,5410	-0,686
122,5810	-0,895
122,6210	-1,122
122,6610	-1,362
122,7010	-1,612
122,7410	-1,868
122,7810	-2,125
122,8210	-2,380
122,8610	-2,630
122,9010	-2,867
122,9410	-3,090
122,9810	-3,292
123,0210	-3,471
123,0610	-3,625
123,1010	-3,749
123,1410	-3,844
123,1810	-3,903
123,2210	-3,929
123,2610	-3,921
123,3010	-3,880
123,3410	-3,809
123,3810	-3,709
123,4210	-3,581
123,4610	-3,426
123,5010	-3,248
123,5410	-3,050
123,5810	-2,835
123,6210	-2,608
123,6610	-2,369
123,7010	-2,124
123,7410	-1,877
123,7810	-1,632
123,8210	-1,393
123,8610	-1,164
123,9010	-0,946
123,9410	-0,743
123,9810	-0,559
124,0210	-0,394
124,0610	-0,254
124,1010	-0,138
124,1410	-0,050
124,1810	0,008
124,2210	0,036
124,2610	0,033
124,3010	-0,003
124,3410	-0,068
124,3810	-0,165
124,4210	-0,292
124,4610	-0,448
124,5010	-0,633
124,5410	-0,842
124,5810	-1,073
124,6210	-1,323
124,6610	-1,587
124,7010	-1,860
124,7410	-2,139
124,7810	-2,417
124,8210	-2,689
124,8610	-2,952
124,9010	-3,198
124,9410	-3,423
124,9810	-3,622
125,0210	-3,792
125,0610	-3,929
125,1010	-4,024
125,1410	-4,068
125,1810	-4,064
125,2210	-4,018
125,2610	-3,938
125,3010	-3,825
125,3410	-3,679
125,3810	-3,506
125,4210	-3,307
125,4610	-3,087
125,5010	-2,848
125,5410	-2,597
125,5810	-2,337
125,6210	-2,072
125,6610	-1,808
125,7010	-1,549
125,7410	-1,297
125,7810	-1,060
125,8210	-0,837
125,8610	-0,635
125,9010	-0,452
125,9410	-0,295
125,9810	-0,165
126,0210	-0,061
126,0610	0,011
126,1010	0,052
126,1410	0,063
126,1810	0,041
126,2210	-0,011
126,2610	-0,094
126,3010	-0,206
126,3410	-0,346
126,3810	-0,512
126,4210	-0,704
126,4610	-0,917
126,5010	-1,151
126,5410	-1,401
126,5810	-1,663
126,6210	-1,934
126,6610	-2,207
126,7010	-2,479
126,7410	-2,743
126,7810	-2,994
126,8210	-3,230
126,8610	-3,443
126,9010	-3,630
126,9410	-3,789
126,9810	-3,913
127,0210	-4,001
127,0610	-4,051
127,1010	-4,059
127,1410	-4,032
127,1810	-3,979
127,2210	-3,902
127,2610	-3,801
127,3010	-3,673
127,3410	-3,515
127,3810	-3,330
127,4210	-3,120
127,4610	-2,887
127,5010	-2,636
127,5410	-2,370
127,5810	-2,095
127,6210	-1,816
127,6610	-1,536
127,7010	-1,260
127,7410	-0,994
127,7810	-0,741
127,8210	-0,507
127,8610	-0,295
127,9010	-0,108
127,9410	0,049
127,9810	0,173
128,0210	0,261
128,0610	0,309
128,1010	0,317
128,1410	0,286
128,1810	0,214
128,2210	0,102
128,2610	-0,047
128,3010	-0,232
128,3410	-0,454
128,3810	-0,705
128,4210	-0,985
128,4610	-1,285
128,5010	-1,602
128,5410	-1,929
128,5810	-2,260
128,6210	-2,589
128,6610	-2,906
128,7010	-3,206
128,7410	-3,484
128,7810	-3,734
128,8210	-3,947
128,8610	-4,123
128,9010	-4,257
128,9410	-4,343
128,9810	-4,384
129,0210	-4,378
129,0610	-4,326
129,1010	-4,230
129,1410	-4,090
129,1810	-3,913
129,2210	-3,699
129,2610	-3,454
129,3010	-3,184
129,3410	-2,890
129,3810	-2,582
129,4210	-2,267
129,4610	-1,946
129,5010	-1,629
129,5410	-1,321
129,5810	-1,029
129,6210	-0,756
129,6610	-0,506
129,7010	-0,283
129,7410	-0,093
129,7810	0,063
129,8210	0,182
129,8610	0,264
129,9010	0,306
129,9410	0,309
129,9810	0,275
130,0210	0,204
130,0610	0,099
130,1010	-0,039
130,1410	-0,210
130,1810	-0,408
130,2210	-0,635
130,2610	-0,883
130,3010	-1,148
130,3410	-1,429
130,3810	-1,717
130,4210	-2,011
130,4610	-2,301
130,5010	-2,584
130,5410	-2,856
130,5810	-3,109
130,6210	-3,340
130,6610	-3,544
130,7010	-3,718
130,7410	-3,858
130,7810	-3,962
130,8210	-4,028
130,8610	-4,054
130,9010	-4,043
130,9410	-3,995
130,9810	-3,913
131,0210	-3,800
131,0610	-3,655
131,1010	-3,486
131,1410	-3,291
131,1810	-3,076
131,2210	-2,846
131,2610	-2,603
131,3010	-2,353
131,3410	-2,100
131,3810	-1,849
131,4210	-1,604
131,4610	-1,367
131,5010	-1,144
131,5410	-0,935
131,5810	-0,743
131,6210	-0,573
131,6610	-0,424
131,7010	-0,300
131,7410	-0,201
131,7810	-0,129
131,8210	-0,083
131,8610	-0,066
131,9010	-0,077
131,9410	-0,115
131,9810	-0,178
132,0210	-0,267
132,0610	-0,382
132,1010	-0,520
132,1410	-0,682
132,1810	-0,866
132,2210	-1,068
132,2610	-1,286
132,3010	-1,519
132,3410	-1,759
132,3810	-2,007
132,4210	-2,257
132,4610	-2,504
132,5010	-2,744
132,5410	-2,974
132,5810	-3,186
132,6210	-3,379
132,6610	-3,548
132,7010	-3,691
132,7410	-3,803
132,7810	-3,883
132,8210	-3,930
132,8610	-3,943
132,9010	-3,919
132,9410	-3,864
132,9810	-3,778
133,0210	-3,662
133,0610	-3,515
133,1010	-3,343
133,1410	-3,148
133,1810	-2,933
133,2210	-2,700
133,2610	-2,455
133,3010	-2,202
133,3410	-1,945
133,3810	-1,687
133,4210	-1,434
133,4610	-1,189
133,5010	-0,955
133,5410	-0,738
133,5810	-0,539
133,6210	-0,361
133,6610	-0,207
133,7010	-0,080
133,7410	0,016
133,7810	0,082
133,8210	0,113
133,8610	0,112
133,9010	0,075
133,9410	0,008
133,9810	-0,094
134,0210	-0,228
134,0610	-0,394
134,1010	-0,587
134,1410	-0,807
134,1810	-1,051
134,2210	-1,313
134,2610	-1,591
134,3010	-1,877
134,3410	-2,168
134,3810	-2,458
134,4210	-2,741
134,4610	-3,013
134,5010	-3,266
134,5410	-3,495
134,5810	-3,698
134,6210	-3,869
134,6610	-4,004
134,7010	-4,100
134,7410	-4,153
134,7810	-4,163
134,8210	-4,128
134,8610	-4,056
134,9010	-3,946
134,9410	-3,801
134,9810	-3,625
135,0210	-3,420
135,0610	-3,189
135,1010	-2,937
135,1410	-2,669
135,1810	-2,391
135,2210	-2,105
135,2610	-1,821
135,3010	-1,538
135,3410	-1,266
135,3810	-1,007
135,4210	-0,765
135,4610	-0,543
135,5010	-0,347
135,5410	-0,178
135,5810	-0,038
135,6210	0,071
135,6610	0,145
135,7010	0,184
135,7410	0,187
135,7810	0,156
135,8210	0,091
135,8610	-0,008
