# Posizione angolare. Oscillazioni forzate 2.50 V
# Tempo ( s )	Posizione angolare ( rad )
0.0532	-0.922
0.0932	-0.800
0.1332	-0.682
0.1732	-0.567
0.2132	-0.460
0.2532	-0.360
0.2932	-0.267
0.3332	-0.181
0.3732	-0.102
0.4132	-0.031
0.4532	0.031
0.4932	0.090
0.5332	0.140
0.5732	0.187
0.6132	0.226
0.6532	0.261
0.6932	0.289
0.7332	0.311
0.7732	0.327
0.8132	0.333
0.8532	0.333
0.8932	0.325
0.9332	0.309
0.9732	0.284
1.0132	0.250
1.0532	0.206
1.0932	0.149
1.1332	0.080
1.1732	0.000
1.2132	-0.093
1.2532	-0.196
1.2932	-0.313
1.3332	-0.440
1.3732	-0.575
1.4132	-0.719
1.4532	-0.870
1.4932	-1.024
1.5332	-1.183
1.5732	-1.338
1.6132	-1.492
1.6532	-1.641
1.6932	-1.781
1.7332	-1.912
1.7732	-2.028
1.8132	-2.130
1.8532	-2.215
1.8932	-2.282
1.9332	-2.329
1.9732	-2.356
2.0132	-2.361
2.0532	-2.348
2.0932	-2.315
2.1332	-2.267
2.1732	-2.201
2.2132	-2.121
2.2532	-2.026
2.2932	-1.921
2.3332	-1.805
2.3732	-1.681
2.4132	-1.550
2.4532	-1.417
2.4932	-1.280
2.5332	-1.144
2.5732	-1.010
2.6132	-0.880
2.6532	-0.756
2.6932	-0.639
2.7332	-0.528
2.7732	-0.426
2.8132	-0.331
2.8532	-0.247
2.8932	-0.168
2.9332	-0.099
2.9732	-0.039
3.0132	0.014
3.0532	0.060
3.0932	0.097
3.1332	0.132
3.1732	0.159
3.2132	0.182
3.2532	0.198
3.2932	0.209
3.3332	0.212
3.3732	0.210
3.4132	0.206
3.4532	0.198
3.4932	0.185
3.5332	0.167
3.5732	0.143
3.6132	0.108
3.6532	0.068
3.6932	0.014
3.7332	-0.049
3.7732	-0.124
3.8132	-0.212
3.8532	-0.311
3.8932	-0.423
3.9332	-0.543
3.9732	-0.674
4.0132	-0.812
4.0532	-0.957
4.0932	-1.106
4.1332	-1.257
4.1732	-1.409
4.2132	-1.557
4.2532	-1.698
4.2932	-1.833
4.3332	-1.956
4.3732	-2.066
4.4132	-2.161
4.4532	-2.238
4.4932	-2.300
4.5332	-2.340
4.5732	-2.359
4.6132	-2.359
4.6532	-2.340
4.6932	-2.303
4.7332	-2.248
4.7732	-2.177
4.8132	-2.091
4.8532	-1.992
4.8932	-1.880
4.9332	-1.759
4.9732	-1.630
5.0132	-1.494
5.0532	-1.356
5.0932	-1.214
5.1332	-1.073
5.1732	-0.935
5.2132	-0.798
5.2532	-0.668
5.2932	-0.542
5.3332	-0.424
5.3732	-0.313
5.4132	-0.212
5.4532	-0.118
5.4932	-0.035
5.5332	0.039
5.5732	0.105
5.6132	0.162
5.6532	0.210
5.6932	0.251
5.7332	0.284
5.7732	0.309
5.8132	0.328
5.8532	0.339
5.8932	0.342
5.9332	0.338
5.9732	0.328
6.0132	0.313
6.0532	0.291
6.0932	0.261
6.1332	0.223
6.1732	0.176
6.2132	0.121
6.2532	0.055
6.2932	-0.020
6.3332	-0.107
6.3732	-0.203
6.4132	-0.309
6.4532	-0.424
6.4932	-0.548
6.5332	-0.679
6.5732	-0.817
6.6132	-0.958
6.6532	-1.103
6.6932	-1.247
6.7332	-1.392
6.7732	-1.532
6.8132	-1.665
6.8532	-1.792
6.8932	-1.909
6.9332	-2.011
6.9732	-2.102
7.0132	-2.176
7.0532	-2.232
7.0932	-2.271
7.1332	-2.292
7.1732	-2.295
7.2132	-2.279
7.2532	-2.248
7.2932	-2.201
7.3332	-2.139
7.3732	-2.064
7.4132	-1.976
7.4532	-1.879
7.4932	-1.770
7.5332	-1.654
7.5732	-1.532
7.6132	-1.404
7.6532	-1.274
7.6932	-1.144
7.7332	-1.013
7.7732	-0.884
7.8132	-0.760
7.8532	-0.641
7.8932	-0.528
7.9332	-0.419
7.9732	-0.317
8.0132	-0.223
8.0532	-0.137
8.0932	-0.057
8.1332	0.017
8.1732	0.085
8.2132	0.145
8.2532	0.199
8.2932	0.247
8.3332	0.289
8.3732	0.322
8.4132	0.349
8.4532	0.368
8.4932	0.375
8.5332	0.375
8.5732	0.366
8.6132	0.347
8.6532	0.320
8.6932	0.283
8.7332	0.234
8.7732	0.173
8.8132	0.101
8.8532	0.016
8.8932	-0.082
8.9332	-0.188
8.9732	-0.308
9.0132	-0.437
9.0532	-0.573
9.0932	-0.716
9.1332	-0.864
9.1732	-1.016
9.2132	-1.169
9.2532	-1.321
9.2932	-1.469
9.3332	-1.610
9.3732	-1.742
9.4132	-1.865
9.4532	-1.974
9.4932	-2.070
9.5332	-2.150
9.5732	-2.213
9.6132	-2.257
9.6532	-2.282
9.6932	-2.289
9.7332	-2.278
9.7732	-2.251
9.8132	-2.209
9.8532	-2.152
9.8932	-2.083
9.9332	-2.003
9.9732	-1.912
10.0132	-1.813
10.0532	-1.707
10.0932	-1.596
10.1332	-1.481
10.1732	-1.363
10.2132	-1.246
10.2532	-1.129
10.2932	-1.015
10.3332	-0.905
10.3732	-0.796
10.4132	-0.693
10.4532	-0.594
10.4932	-0.501
10.5332	-0.413
10.5732	-0.330
10.6132	-0.251
10.6532	-0.179
10.6932	-0.110
10.7332	-0.049
10.7732	0.011
10.8132	0.064
10.8532	0.115
10.8932	0.162
10.9332	0.204
10.9732	0.243
11.0132	0.275
11.0532	0.302
11.0932	0.320
11.1332	0.331
11.1732	0.335
11.2132	0.327
11.2532	0.311
11.2932	0.284
11.3332	0.247
11.3732	0.198
11.4132	0.137
11.4532	0.061
11.4932	-0.027
11.5332	-0.127
11.5732	-0.240
11.6132	-0.366
11.6532	-0.501
11.6932	-0.647
11.7332	-0.798
11.7732	-0.957
11.8132	-1.117
11.8532	-1.279
11.8932	-1.437
11.9332	-1.593
11.9732	-1.739
12.0132	-1.877
12.0532	-2.001
12.0932	-2.111
12.1332	-2.204
12.1732	-2.278
12.2132	-2.333
12.2532	-2.366
12.2932	-2.377
12.3332	-2.369
12.3732	-2.342
12.4132	-2.297
12.4532	-2.234
12.4932	-2.157
12.5332	-2.064
12.5732	-1.960
12.6132	-1.846
12.6532	-1.722
12.6932	-1.593
12.7332	-1.458
12.7732	-1.321
12.8132	-1.183
12.8532	-1.048
12.8932	-0.916
12.9332	-0.790
12.9732	-0.671
13.0132	-0.556
13.0532	-0.452
13.0932	-0.355
13.1332	-0.267
13.1732	-0.187
13.2132	-0.116
13.2532	-0.053
13.2932	0.005
13.3332	0.055
13.3732	0.101
13.4132	0.140
13.4532	0.174
13.4932	0.206
13.5332	0.231
13.5732	0.253
13.6132	0.269
13.6532	0.278
13.6932	0.281
13.7332	0.278
13.7732	0.269
13.8132	0.251
13.8532	0.226
13.8932	0.193
13.9332	0.149
13.9732	0.096
14.0132	0.031
14.0532	-0.044
14.0932	-0.132
14.1332	-0.231
14.1732	-0.342
14.2132	-0.463
14.2532	-0.592
14.2932	-0.732
14.3332	-0.875
14.3732	-1.024
14.4132	-1.175
14.4532	-1.327
14.4932	-1.475
14.5332	-1.619
14.5732	-1.756
14.6132	-1.882
14.6532	-1.996
14.6932	-2.097
14.7332	-2.182
14.7732	-2.249
14.8132	-2.297
14.8532	-2.326
14.8932	-2.336
14.9332	-2.325
14.9732	-2.298
15.0132	-2.253
15.0532	-2.193
15.0932	-2.117
15.1332	-2.029
15.1732	-1.929
15.2132	-1.819
15.2532	-1.700
15.2932	-1.576
15.3332	-1.445
15.3732	-1.312
15.4132	-1.178
15.4532	-1.045
15.4932	-0.914
15.5332	-0.789
15.5732	-0.668
15.6132	-0.553
15.6532	-0.445
15.6932	-0.342
15.7332	-0.250
15.7732	-0.163
15.8132	-0.086
15.8532	-0.016
15.8932	0.049
15.9332	0.105
15.9732	0.157
16.0132	0.204
16.0532	0.243
16.0932	0.278
16.1332	0.306
16.1732	0.328
16.2132	0.341
16.2532	0.347
16.2932	0.344
16.3332	0.333
16.3732	0.314
16.4132	0.286
16.4532	0.247
16.4932	0.196
16.5332	0.134
16.5732	0.060
16.6132	-0.027
16.6532	-0.126
16.6932	-0.237
16.7332	-0.358
16.7732	-0.490
16.8132	-0.631
16.8532	-0.779
16.8932	-0.933
16.9332	-1.089
16.9732	-1.246
17.0132	-1.401
17.0532	-1.554
17.0932	-1.696
17.1332	-1.830
17.1732	-1.953
17.2132	-2.061
17.2532	-2.154
17.2932	-2.229
17.3332	-2.286
17.3732	-2.322
17.4132	-2.339
17.4532	-2.337
17.4932	-2.315
17.5332	-2.278
17.5732	-2.223
17.6132	-2.154
17.6532	-2.070
17.6932	-1.974
17.7332	-1.869
17.7732	-1.753
17.8132	-1.630
17.8532	-1.503
17.8932	-1.371
17.9332	-1.238
17.9732	-1.104
18.0132	-0.972
18.0532	-0.844
18.0932	-0.718
18.1332	-0.598
18.1732	-0.485
18.2132	-0.379
18.2532	-0.280
18.2932	-0.188
18.3332	-0.104
18.3732	-0.028
18.4132	0.041
18.4532	0.102
18.4932	0.159
18.5332	0.209
18.5732	0.253
18.6132	0.291
18.6532	0.320
18.6932	0.344
18.7332	0.358
18.7732	0.364
18.8132	0.361
18.8532	0.349
18.8932	0.328
18.9332	0.298
18.9732	0.259
19.0132	0.207
19.0532	0.145
19.0932	0.069
19.1332	-0.017
19.1732	-0.118
19.2132	-0.228
19.2532	-0.350
19.2932	-0.481
19.3332	-0.620
19.3732	-0.767
19.4132	-0.917
19.4532	-1.073
19.4932	-1.227
19.5332	-1.381
19.5732	-1.530
19.6132	-1.671
19.6532	-1.805
19.6932	-1.927
19.7332	-2.037
19.7732	-2.130
19.8132	-2.207
19.8532	-2.267
19.8932	-2.306
19.9332	-2.325
19.9732	-2.325
20.0132	-2.308
20.0532	-2.271
20.0932	-2.221
20.1332	-2.155
20.1732	-2.077
20.2132	-1.984
20.2532	-1.883
20.2932	-1.772
20.3332	-1.654
20.3732	-1.532
20.4132	-1.404
20.4532	-1.277
20.4932	-1.150
20.5332	-1.024
20.5732	-0.902
20.6132	-0.782
20.6532	-0.669
20.6932	-0.562
20.7332	-0.462
20.7732	-0.369
20.8132	-0.281
20.8532	-0.203
20.8932	-0.130
20.9332	-0.066
20.9732	-0.008
21.0132	0.044
21.0532	0.093
21.0932	0.135
21.1332	0.173
21.1732	0.207
21.2132	0.237
21.2532	0.261
21.2932	0.278
21.3332	0.291
21.3732	0.295
21.4132	0.294
21.4532	0.283
21.4932	0.267
21.5332	0.240
21.5732	0.204
21.6132	0.159
21.6532	0.102
21.6932	0.033
21.7332	-0.049
21.7732	-0.143
21.8132	-0.250
21.8532	-0.368
21.8932	-0.495
21.9332	-0.633
21.9732	-0.778
22.0132	-0.928
22.0532	-1.082
22.0932	-1.238
22.1332	-1.393
22.1732	-1.544
22.2132	-1.689
22.2532	-1.825
22.2932	-1.949
22.3332	-2.061
22.3732	-2.157
22.4132	-2.235
22.4532	-2.297
22.4932	-2.337
22.5332	-2.358
22.5732	-2.358
22.6132	-2.339
22.6532	-2.303
22.6932	-2.249
22.7332	-2.180
22.7732	-2.097
22.8132	-2.001
22.8532	-1.893
22.8932	-1.777
22.9332	-1.654
22.9732	-1.525
23.0132	-1.393
23.0532	-1.260
23.0932	-1.128
23.1332	-0.999
23.1732	-0.873
23.2132	-0.752
23.2532	-0.636
23.2932	-0.528
23.3332	-0.430
23.3732	-0.341
23.4132	-0.259
23.4532	-0.187
23.4932	-0.123
23.5332	-0.066
23.5732	-0.016
23.6132	0.030
23.6532	0.071
23.6932	0.108
23.7332	0.140
23.7732	0.170
23.8132	0.195
23.8532	0.217
23.8932	0.234
23.9332	0.247
23.9732	0.253
24.0132	0.251
24.0532	0.245
24.0932	0.231
24.1332	0.209
24.1732	0.178
24.2132	0.137
24.2532	0.086
24.2932	0.024
24.3332	-0.052
24.3732	-0.140
24.4132	-0.240
24.4532	-0.353
24.4932	-0.476
24.5332	-0.609
24.5732	-0.751
24.6132	-0.900
24.6532	-1.054
24.6932	-1.210
24.7332	-1.367
24.7732	-1.521
24.8132	-1.668
24.8532	-1.810
24.8932	-1.938
24.9332	-2.056
24.9732	-2.157
25.0132	-2.242
25.0532	-2.306
25.0932	-2.351
25.1332	-2.375
25.1732	-2.378
25.2132	-2.361
25.2532	-2.325
25.2932	-2.273
25.3332	-2.202
25.3732	-2.116
25.4132	-2.017
25.4532	-1.905
25.4932	-1.783
25.5332	-1.652
25.5732	-1.516
25.6132	-1.376
25.6532	-1.233
25.6932	-1.090
25.7332	-0.952
25.7732	-0.817
25.8132	-0.688
25.8532	-0.565
25.8932	-0.451
25.9332	-0.344
25.9732	-0.248
26.0132	-0.162
26.0532	-0.083
26.0932	-0.014
26.1332	0.046
26.1732	0.099
26.2132	0.145
26.2532	0.185
26.2932	0.218
26.3332	0.245
26.3732	0.267
26.4132	0.281
26.4532	0.291
26.4932	0.292
26.5332	0.289
26.5732	0.280
26.6132	0.265
26.6532	0.245
26.6932	0.217
26.7332	0.181
26.7732	0.135
26.8132	0.080
26.8532	0.014
26.8932	-0.063
26.9332	-0.149
26.9732	-0.248
27.0132	-0.358
27.0532	-0.476
27.0932	-0.605
27.1332	-0.740
27.1732	-0.881
27.2132	-1.027
27.2532	-1.177
27.2932	-1.324
27.3332	-1.470
27.3732	-1.612
27.4132	-1.747
27.4532	-1.872
27.4932	-1.987
27.5332	-2.088
27.5732	-2.174
27.6132	-2.242
27.6532	-2.293
27.6932	-2.325
27.7332	-2.337
27.7732	-2.331
27.8132	-2.306
27.8532	-2.264
27.8932	-2.205
27.9332	-2.132
27.9732	-2.044
28.0132	-1.945
28.0532	-1.835
28.0932	-1.715
28.1332	-1.588
28.1732	-1.456
28.2132	-1.321
28.2532	-1.186
28.2932	-1.049
28.3332	-0.916
28.3732	-0.785
28.4132	-0.660
28.4532	-0.540
28.4932	-0.429
28.5332	-0.327
28.5732	-0.232
28.6132	-0.149
28.6532	-0.072
28.6932	-0.005
28.7332	0.055
28.7732	0.108
28.8132	0.156
28.8532	0.195
28.8932	0.229
28.9332	0.258
28.9732	0.280
29.0132	0.295
29.0532	0.303
29.0932	0.305
29.1332	0.298
29.1732	0.287
29.2132	0.270
29.2532	0.247
29.2932	0.214
29.3332	0.171
29.3732	0.119
29.4132	0.058
29.4532	-0.016
29.4932	-0.099
29.5332	-0.195
29.5732	-0.302
29.6132	-0.418
29.6532	-0.543
29.6932	-0.677
29.7332	-0.817
29.7732	-0.960
29.8132	-1.107
29.8532	-1.255
29.8932	-1.403
29.9332	-1.544
29.9732	-1.681
30.0132	-1.810
30.0532	-1.926
30.0932	-2.031
30.1332	-2.121
30.1732	-2.194
30.2132	-2.253
30.2532	-2.290
30.2932	-2.311
30.3332	-2.311
30.3732	-2.293
30.4132	-2.260
30.4532	-2.210
30.4932	-2.146
30.5332	-2.069
30.5732	-1.979
30.6132	-1.879
30.6532	-1.769
30.6932	-1.652
30.7332	-1.530
30.7732	-1.404
30.8132	-1.275
30.8532	-1.150
30.8932	-1.024
30.9332	-0.903
30.9732	-0.785
31.0132	-0.674
31.0532	-0.569
31.0932	-0.470
31.1332	-0.379
31.1732	-0.295
31.2132	-0.218
31.2532	-0.149
31.2932	-0.086
31.3332	-0.028
31.3732	0.024
31.4132	0.071
31.4532	0.113
31.4932	0.151
31.5332	0.185
31.5732	0.215
31.6132	0.242
31.6532	0.262
31.6932	0.276
31.7332	0.286
31.7732	0.286
31.8132	0.281
31.8532	0.267
31.8932	0.247
31.9332	0.217
31.9732	0.176
32.0132	0.126
32.0532	0.064
32.0932	-0.009
32.1332	-0.096
32.1732	-0.195
32.2132	-0.303
32.2532	-0.424
32.2932	-0.553
32.3332	-0.690
32.3732	-0.834
32.4132	-0.982
32.4532	-1.133
32.4932	-1.282
32.5332	-1.429
32.5732	-1.572
32.6132	-1.709
32.6532	-1.835
32.6932	-1.949
32.7332	-2.050
32.7732	-2.135
32.8132	-2.202
32.8532	-2.253
32.8932	-2.284
32.9332	-2.295
32.9732	-2.289
33.0132	-2.265
33.0532	-2.226
33.0932	-2.172
33.1332	-2.105
33.1732	-2.026
33.2132	-1.937
33.2532	-1.838
33.2932	-1.731
33.3332	-1.619
33.3732	-1.503
33.4132	-1.385
33.4532	-1.266
33.4932	-1.148
33.5332	-1.032
33.5732	-0.919
33.6132	-0.811
33.6532	-0.708
33.6932	-0.613
33.7332	-0.522
33.7732	-0.440
33.8132	-0.361
33.8532	-0.291
33.8932	-0.225
33.9332	-0.163
33.9732	-0.105
34.0132	-0.052
34.0532	0.000
34.0932	0.049
34.1332	0.094
34.1732	0.138
34.2132	0.179
34.2532	0.217
34.2932	0.250
34.3332	0.276
34.3732	0.295
34.4132	0.308
34.4532	0.309
34.4932	0.303
34.5332	0.286
34.5732	0.258
34.6132	0.218
34.6532	0.165
34.6932	0.101
34.7332	0.020
34.7732	-0.072
34.8132	-0.179
34.8532	-0.298
34.8932	-0.429
34.9332	-0.570
34.9732	-0.719
35.0132	-0.875
35.0532	-1.035
35.0932	-1.197
35.1332	-1.359
35.1732	-1.516
35.2132	-1.668
35.2532	-1.810
35.2932	-1.940
35.3332	-2.056
35.3732	-2.157
35.4132	-2.238
35.4532	-2.301
35.4932	-2.344
35.5332	-2.364
35.5732	-2.366
35.6132	-2.347
35.6532	-2.311
35.6932	-2.257
35.7332	-2.188
35.7732	-2.103
35.8132	-2.007
35.8532	-1.901
35.8932	-1.784
35.9332	-1.660
35.9732	-1.532
36.0132	-1.398
36.0532	-1.264
36.0932	-1.131
36.1332	-1.001
36.1732	-0.875
36.2132	-0.754
36.2532	-0.639
36.2932	-0.533
36.3332	-0.432
36.3732	-0.341
36.4132	-0.256
36.4532	-0.181
36.4932	-0.113
36.5332	-0.053
36.5732	0.002
36.6132	0.050
36.6532	0.094
36.6932	0.132
36.7332	0.168
36.7732	0.198
36.8132	0.225
36.8532	0.247
36.8932	0.262
36.9332	0.273
36.9732	0.278
37.0132	0.276
37.0532	0.267
37.0932	0.251
37.1332	0.226
37.1732	0.192
37.2132	0.148
37.2532	0.091
37.2932	0.024
37.3332	-0.057
37.3732	-0.149
37.4132	-0.254
37.4532	-0.371
37.4932	-0.500
37.5332	-0.636
37.5732	-0.782
37.6132	-0.935
37.6532	-1.090
37.6932	-1.249
37.7332	-1.406
37.7732	-1.560
37.8132	-1.707
37.8532	-1.847
37.8932	-1.974
37.9332	-2.088
37.9732	-2.185
38.0132	-2.265
38.0532	-2.326
38.0932	-2.366
38.1332	-2.384
38.1732	-2.383
38.2132	-2.361
38.2532	-2.320
38.2932	-2.262
38.3332	-2.187
38.3732	-2.097
38.4132	-1.992
38.4532	-1.877
38.4932	-1.751
38.5332	-1.618
38.5732	-1.480
38.6132	-1.337
38.6532	-1.194
38.6932	-1.051
38.7332	-0.913
38.7732	-0.779
38.8132	-0.652
38.8532	-0.534
38.8932	-0.426
38.9332	-0.325
38.9732	-0.236
39.0132	-0.156
39.0532	-0.085
39.0932	-0.022
39.1332	0.033
39.1732	0.082
39.2132	0.123
39.2532	0.159
39.2932	0.190
39.3332	0.217
39.3732	0.237
39.4132	0.253
39.4532	0.262
39.4932	0.267
39.5332	0.264
39.5732	0.258
39.6132	0.245
39.6532	0.226
39.6932	0.199
39.7332	0.167
39.7732	0.124
39.8132	0.071
39.8532	0.006
39.8932	-0.069
39.9332	-0.156
39.9732	-0.253
40.0132	-0.363
40.0532	-0.481
40.0932	-0.609
40.1332	-0.746
40.1732	-0.889
40.2132	-1.037
40.2532	-1.186
40.2932	-1.335
40.3332	-1.483
40.3732	-1.626
40.4132	-1.761
40.4532	-1.888
40.4932	-2.001
40.5332	-2.102
40.5732	-2.187
40.6132	-2.253
40.6532	-2.301
40.6932	-2.329
40.7332	-2.337
40.7732	-2.326
40.8132	-2.298
40.8532	-2.253
40.8932	-2.191
40.9332	-2.116
40.9732	-2.026
41.0132	-1.924
41.0532	-1.813
41.0932	-1.692
41.1332	-1.565
41.1732	-1.433
41.2132	-1.296
41.2532	-1.161
41.2932	-1.024
41.3332	-0.891
41.3732	-0.762
41.4132	-0.638
41.4532	-0.520
41.4932	-0.408
41.5332	-0.303
41.5732	-0.207
41.6132	-0.119
41.6532	-0.039
41.6932	0.031
41.7332	0.096
41.7732	0.154
41.8132	0.204
41.8532	0.247
41.8932	0.284
41.9332	0.313
41.9732	0.335
42.0132	0.349
42.0532	0.355
42.0932	0.353
42.1332	0.344
42.1732	0.327
42.2132	0.302
42.2532	0.269
42.2932	0.225
42.3332	0.170
42.3732	0.105
42.4132	0.028
42.4532	-0.061
42.4932	-0.160
42.5332	-0.272
42.5732	-0.393
42.6132	-0.523
42.6532	-0.661
42.6932	-0.806
42.7332	-0.953
42.7732	-1.106
42.8132	-1.257
42.8532	-1.406
42.8932	-1.552
42.9332	-1.689
42.9732	-1.817
43.0132	-1.934
43.0532	-2.037
43.0932	-2.125
43.1332	-2.198
43.1732	-2.251
43.2132	-2.286
43.2532	-2.301
43.2932	-2.298
43.3332	-2.278
43.3732	-2.242
43.4132	-2.191
43.4532	-2.125
43.4932	-2.047
43.5332	-1.959
43.5732	-1.860
43.6132	-1.753
43.6532	-1.638
43.6932	-1.521
43.7332	-1.398
43.7732	-1.275
43.8132	-1.151
43.8532	-1.030
43.8932	-0.911
43.9332	-0.796
43.9732	-0.685
44.0132	-0.580
44.0532	-0.482
44.0932	-0.390
44.1332	-0.303
44.1732	-0.225
44.2132	-0.152
44.2532	-0.085
44.2932	-0.024
44.3332	0.033
44.3732	0.085
44.4132	0.132
44.4532	0.174
44.4932	0.214
44.5332	0.247
44.5732	0.275
44.6132	0.297
44.6532	0.313
44.6932	0.319
44.7332	0.317
44.7732	0.306
44.8132	0.287
44.8532	0.261
44.8932	0.221
44.9332	0.173
44.9732	0.110
45.0132	0.036
45.0532	-0.052
45.0932	-0.151
45.1332	-0.264
45.1732	-0.386
45.2132	-0.520
45.2532	-0.663
45.2932	-0.812
45.3332	-0.966
45.3732	-1.125
45.4132	-1.282
45.4532	-1.439
45.4932	-1.590
45.5332	-1.734
45.5732	-1.869
45.6132	-1.990
45.6532	-2.099
45.6932	-2.190
45.7332	-2.264
45.7732	-2.317
45.8132	-2.350
45.8532	-2.362
45.8932	-2.356
45.9332	-2.329
45.9732	-2.287
46.0132	-2.226
46.0532	-2.150
46.0932	-2.059
46.1332	-1.959
46.1732	-1.846
46.2132	-1.725
46.2532	-1.598
46.2932	-1.466
46.3332	-1.330
46.3732	-1.195
46.4132	-1.062
46.4532	-0.930
46.4932	-0.804
46.5332	-0.685
46.5732	-0.573
46.6132	-0.470
46.6532	-0.375
46.6932	-0.289
46.7332	-0.214
46.7732	-0.145
46.8132	-0.085
46.8532	-0.031
46.8932	0.016
46.9332	0.058
46.9732	0.096
47.0132	0.130
47.0532	0.160
47.0932	0.185
47.1332	0.209
47.1732	0.226
47.2132	0.240
47.2532	0.248
47.2932	0.250
47.3332	0.245
47.3732	0.236
47.4132	0.218
47.4532	0.195
47.4932	0.162
47.5332	0.118
47.5732	0.063
47.6132	-0.003
47.6532	-0.082
47.6932	-0.171
47.7332	-0.273
47.7732	-0.388
47.8132	-0.511
47.8532	-0.644
47.8932	-0.784
47.9332	-0.931
47.9732	-1.081
48.0132	-1.233
48.0532	-1.385
48.0932	-1.533
48.1332	-1.676
48.1732	-1.808
48.2132	-1.931
48.2532	-2.039
48.2932	-2.132
48.3332	-2.209
48.3732	-2.267
48.4132	-2.304
48.4532	-2.323
48.4932	-2.322
48.5332	-2.303
48.5732	-2.268
48.6132	-2.216
48.6532	-2.150
48.6932	-2.070
48.7332	-1.979
48.7732	-1.876
48.8132	-1.764
48.8532	-1.646
48.8932	-1.521
48.9332	-1.393
48.9732	-1.263
49.0132	-1.134
49.0532	-1.005
49.0932	-0.880
49.1332	-0.757
49.1732	-0.641
49.2132	-0.531
49.2532	-0.427
49.2932	-0.331
49.3332	-0.242
49.3732	-0.160
49.4132	-0.085
49.4532	-0.019
49.4932	0.041
49.5332	0.096
49.5732	0.143
49.6132	0.184
49.6532	0.221
49.6932	0.251
49.7332	0.276
49.7732	0.295
49.8132	0.308
49.8532	0.311
49.8932	0.309
49.9332	0.300
49.9732	0.284
50.0132	0.261
50.0532	0.228
50.0932	0.185
50.1332	0.132
50.1732	0.069
50.2132	-0.006
50.2532	-0.093
50.2932	-0.190
50.3332	-0.298
50.3732	-0.418
50.4132	-0.545
50.4532	-0.680
50.4932	-0.822
50.5332	-0.968
50.5732	-1.115
50.6132	-1.263
50.6532	-1.409
50.6932	-1.550
50.7332	-1.685
50.7732	-1.813
50.8132	-1.927
50.8532	-2.029
50.8932	-2.116
50.9332	-2.188
50.9732	-2.242
51.0132	-2.276
51.0532	-2.292
51.0932	-2.290
51.1332	-2.271
51.1732	-2.237
51.2132	-2.188
51.2532	-2.124
51.2932	-2.048
51.3332	-1.962
51.3732	-1.865
51.4132	-1.759
51.4532	-1.646
51.4932	-1.530
51.5332	-1.409
51.5732	-1.286
51.6132	-1.166
51.6532	-1.046
51.6932	-0.928
51.7332	-0.814
51.7732	-0.705
51.8132	-0.602
51.8532	-0.504
51.8932	-0.413
51.9332	-0.328
51.9732	-0.250
52.0132	-0.178
52.0532	-0.112
52.0932	-0.050
52.1332	0.006
52.1732	0.057
52.2132	0.104
52.2532	0.148
52.2932	0.187
52.3332	0.221
52.3732	0.251
52.4132	0.275
52.4532	0.292
52.4932	0.303
52.5332	0.306
52.5732	0.300
52.6132	0.287
52.6532	0.265
52.6932	0.232
52.7332	0.190
52.7732	0.135
52.8132	0.068
52.8532	-0.013
52.8932	-0.104
52.9332	-0.207
52.9732	-0.324
53.0132	-0.449
53.0532	-0.584
53.0932	-0.729
53.1332	-0.878
53.1732	-1.032
53.2132	-1.188
53.2532	-1.343
53.2932	-1.495
53.3332	-1.641
53.3732	-1.780
53.4132	-1.907
53.4532	-2.022
53.4932	-2.122
53.5332	-2.205
53.5732	-2.271
53.6132	-2.318
53.6532	-2.345
53.6932	-2.351
53.7332	-2.339
53.7732	-2.309
53.8132	-2.262
53.8532	-2.199
53.8932	-2.121
53.9332	-2.029
53.9732	-1.927
54.0132	-1.816
54.0532	-1.696
54.0932	-1.572
54.1332	-1.444
54.1732	-1.312
54.2132	-1.181
54.2532	-1.052
54.2932	-0.927
54.3332	-0.806
54.3732	-0.691
54.4132	-0.581
54.4532	-0.481
54.4932	-0.390
54.5332	-0.306
54.5732	-0.232
54.6132	-0.167
54.6532	-0.105
54.6932	-0.053
54.7332	-0.005
54.7732	0.038
54.8132	0.077
54.8532	0.113
54.8932	0.145
54.9332	0.173
54.9732	0.199
55.0132	0.220
55.0532	0.237
55.0932	0.248
55.1332	0.253
55.1732	0.251
55.2132	0.243
55.2532	0.228
55.2932	0.204
55.3332	0.170
55.3732	0.126
55.4132	0.069
55.4532	0.002
55.4932	-0.079
55.5332	-0.171
55.5732	-0.275
55.6132	-0.391
55.6532	-0.518
55.6932	-0.655
55.7332	-0.798
55.7732	-0.947
55.8132	-1.101
55.8532	-1.257
55.8932	-1.411
55.9332	-1.561
55.9732	-1.706
56.0132	-1.843
56.0532	-1.968
56.0932	-2.080
56.1332	-2.176
56.1732	-2.254
56.2132	-2.314
56.2532	-2.355
56.2932	-2.373
56.3332	-2.373
56.3732	-2.353
56.4132	-2.314
56.4532	-2.257
56.4932	-2.185
56.5332	-2.097
56.5732	-1.996
56.6132	-1.883
56.6532	-1.761
56.6932	-1.630
56.7332	-1.495
56.7732	-1.357
56.8132	-1.216
56.8532	-1.078
56.8932	-0.941
56.9332	-0.809
56.9732	-0.682
57.0132	-0.562
57.0532	-0.452
57.0932	-0.352
57.1332	-0.261
57.1732	-0.181
57.2132	-0.107
57.2532	-0.044
57.2932	0.013
57.3332	0.061
57.3732	0.105
57.4132	0.141
57.4532	0.173
57.4932	0.201
57.5332	0.221
57.5732	0.239
57.6132	0.251
57.6532	0.256
57.6932	0.256
57.7332	0.251
57.7732	0.242
57.8132	0.226
57.8532	0.204
57.8932	0.176
57.9332	0.137
57.9732	0.090
58.0132	0.031
58.0532	-0.038
58.0932	-0.119
58.1332	-0.210
58.1732	-0.313
58.2132	-0.426
58.2532	-0.548
58.2932	-0.679
58.3332	-0.815
58.3732	-0.958
58.4132	-1.104
58.4532	-1.250
58.4932	-1.396
58.5332	-1.539
58.5732	-1.676
58.6132	-1.803
58.6532	-1.921
58.6932	-2.026
58.7332	-2.117
58.7732	-2.193
58.8132	-2.249
58.8532	-2.289
58.8932	-2.309
58.9332	-2.311
58.9732	-2.293
59.0132	-2.260
59.0532	-2.212
59.0932	-2.147
59.1332	-2.070
59.1732	-1.979
59.2132	-1.880
59.2532	-1.770
59.2932	-1.654
59.3332	-1.533
59.3732	-1.407
59.4132	-1.280
59.4532	-1.153
59.4932	-1.027
59.5332	-0.903
59.5732	-0.785
59.6132	-0.671
59.6532	-0.562
59.6932	-0.462
59.7332	-0.368
59.7732	-0.281
59.8132	-0.203
59.8532	-0.130
59.8932	-0.066
59.9332	-0.008
59.9732	0.044
60.0132	0.090
60.0532	0.129
60.0932	0.162
60.1332	0.190
60.1732	0.212
60.2132	0.228
60.2532	0.236
60.2932	0.237
60.3332	0.234
60.3732	0.226
60.4132	0.214
60.4532	0.196
60.4932	0.170
60.5332	0.135
60.5732	0.093
60.6132	0.038
60.6532	-0.028
60.6932	-0.105
60.7332	-0.195
60.7732	-0.295
60.8132	-0.407
60.8532	-0.526
60.8932	-0.657
60.9332	-0.795
60.9732	-0.936
61.0132	-1.084
61.0532	-1.233
61.0932	-1.381
61.1332	-1.525
61.1732	-1.665
61.2132	-1.797
61.2532	-1.920
61.2932	-2.028
61.3332	-2.124
61.3732	-2.202
61.4132	-2.264
61.4532	-2.306
61.4932	-2.329
61.5332	-2.333
61.5732	-2.317
61.6132	-2.286
61.6532	-2.235
61.6932	-2.171
61.7332	-2.091
61.7732	-2.000
61.8132	-1.896
61.8532	-1.781
61.8932	-1.660
61.9332	-1.533
61.9732	-1.403
62.0132	-1.269
62.0532	-1.136
62.0932	-1.004
62.1332	-0.875
62.1732	-0.751
62.2132	-0.631
62.2532	-0.518
62.2932	-0.415
62.3332	-0.319
62.3732	-0.232
62.4132	-0.152
62.4532	-0.083
62.4932	-0.022
62.5332	0.033
62.5732	0.079
62.6132	0.118
62.6532	0.151
62.6932	0.176
62.7332	0.193
62.7732	0.204
62.8132	0.206
62.8532	0.206
62.8932	0.204
62.9332	0.199
62.9732	0.193
63.0132	0.184
63.0532	0.168
63.0932	0.149
63.1332	0.121
63.1732	0.085
63.2132	0.039
63.2532	-0.017
63.2932	-0.085
63.3332	-0.165
63.3732	-0.256
63.4132	-0.358
63.4532	-0.473
63.4932	-0.595
63.5332	-0.729
63.5732	-0.867
63.6132	-1.012
63.6532	-1.161
63.6932	-1.308
63.7332	-1.458
63.7732	-1.601
63.8132	-1.739
63.8532	-1.868
63.8932	-1.985
63.9332	-2.091
63.9732	-2.179
64.0132	-2.251
64.0532	-2.304
64.0932	-2.337
64.1332	-2.350
64.1732	-2.344
64.2132	-2.318
64.2532	-2.275
64.2932	-2.215
64.3332	-2.139
64.3732	-2.050
64.4132	-1.948
64.4532	-1.835
64.4932	-1.712
64.5332	-1.583
64.5732	-1.448
64.6132	-1.312
64.6532	-1.173
64.6932	-1.035
64.7332	-0.900
64.7732	-0.770
64.8132	-0.646
64.8532	-0.528
64.8932	-0.419
64.9332	-0.319
64.9732	-0.229
65.0132	-0.148
65.0532	-0.075
65.0932	-0.013
65.1332	0.044
65.1732	0.093
65.2132	0.134
65.2532	0.170
65.2932	0.201
65.3332	0.226
65.3732	0.245
65.4132	0.258
65.4532	0.264
65.4932	0.265
65.5332	0.261
65.5732	0.253
65.6132	0.240
65.6532	0.221
65.6932	0.195
65.7332	0.160
65.7732	0.116
65.8132	0.061
65.8532	-0.005
65.8932	-0.083
65.9332	-0.173
65.9732	-0.273
66.0132	-0.386
66.0532	-0.507
66.0932	-0.639
66.1332	-0.778
66.1732	-0.922
66.2132	-1.070
66.2532	-1.221
66.2932	-1.370
66.3332	-1.516
66.3732	-1.656
66.4132	-1.788
66.4532	-1.910
66.4932	-2.020
66.5332	-2.114
66.5732	-2.193
66.6132	-2.254
66.6532	-2.295
66.6932	-2.317
66.7332	-2.320
66.7732	-2.304
66.8132	-2.271
66.8532	-2.223
66.8932	-2.158
66.9332	-2.081
66.9732	-1.992
67.0132	-1.891
67.0532	-1.781
67.0932	-1.665
67.1332	-1.541
67.1732	-1.415
67.2132	-1.286
67.2532	-1.159
67.2932	-1.032
67.3332	-0.909
67.3732	-0.792
67.4132	-0.680
67.4532	-0.573
67.4932	-0.476
67.5332	-0.385
67.5732	-0.303
67.6132	-0.229
67.6532	-0.162
67.6932	-0.104
67.7332	-0.052
67.7732	-0.005
67.8132	0.036
67.8532	0.072
67.8932	0.104
67.9332	0.130
67.9732	0.152
68.0132	0.168
68.0532	0.178
68.0932	0.181
68.1332	0.179
68.1732	0.178
68.2132	0.173
68.2532	0.163
68.2932	0.151
68.3332	0.130
68.3732	0.104
68.4132	0.068
68.4532	0.020
68.4932	-0.038
68.5332	-0.108
68.5732	-0.192
68.6132	-0.287
68.6532	-0.394
68.6932	-0.514
68.7332	-0.644
68.7732	-0.782
68.8132	-0.928
68.8532	-1.079
68.8932	-1.233
68.9332	-1.389
68.9732	-1.539
69.0132	-1.687
69.0532	-1.827
69.0932	-1.956
69.1332	-2.070
69.1732	-2.172
69.2132	-2.256
69.2532	-2.318
69.2932	-2.362
69.3332	-2.384
69.3732	-2.384
69.4132	-2.364
69.4532	-2.326
69.4932	-2.270
69.5332	-2.198
69.5732	-2.108
69.6132	-2.006
69.6532	-1.891
69.6932	-1.766
69.7332	-1.632
69.7732	-1.492
69.8132	-1.348
69.8532	-1.203
69.8932	-1.057
69.9332	-0.914
69.9732	-0.774
70.0132	-0.641
70.0532	-0.514
70.0932	-0.396
70.1332	-0.286
70.1732	-0.187
70.2132	-0.097
70.2532	-0.017
70.2932	0.052
70.3332	0.112
70.3732	0.162
70.4132	0.203
70.4532	0.237
70.4932	0.264
70.5332	0.283
70.5732	0.294
70.6132	0.298
70.6532	0.297
70.6932	0.292
70.7332	0.283
70.7732	0.272
70.8132	0.256
70.8532	0.236
70.8932	0.207
70.9332	0.171
70.9732	0.127
71.0132	0.074
71.0532	0.009
71.0932	-0.064
71.1332	-0.151
71.1732	-0.245
71.2132	-0.352
71.2532	-0.467
71.2932	-0.591
71.3332	-0.723
71.3732	-0.859
71.4132	-1.001
71.4532	-1.145
71.4932	-1.290
71.5332	-1.431
71.5732	-1.569
71.6132	-1.701
71.6532	-1.824
71.6932	-1.935
71.7332	-2.033
71.7732	-2.117
71.8132	-2.185
71.8532	-2.237
71.8932	-2.270
71.9332	-2.284
71.9732	-2.281
72.0132	-2.262
72.0532	-2.226
72.0932	-2.176
72.1332	-2.111
72.1732	-2.034
72.2132	-1.946
72.2532	-1.849
72.2932	-1.742
72.3332	-1.627
72.3732	-1.508
72.4132	-1.385
72.4532	-1.260
72.4932	-1.134
72.5332	-1.008
72.5732	-0.886
72.6132	-0.768
72.6532	-0.653
72.6932	-0.547
72.7332	-0.445
72.7732	-0.352
72.8132	-0.264
72.8532	-0.185
72.8932	-0.115
72.9332	-0.050
72.9732	0.005
73.0132	0.053
73.0532	0.096
73.0932	0.130
73.1332	0.159
73.1732	0.181
73.2132	0.195
73.2532	0.199
73.2932	0.199
73.3332	0.199
73.3732	0.199
73.4132	0.199
73.4532	0.196
73.4932	0.192
73.5332	0.182
73.5732	0.165
73.6132	0.138
73.6532	0.101
73.6932	0.050
73.7332	-0.014
73.7732	-0.091
73.8132	-0.184
73.8532	-0.291
73.8932	-0.410
73.9332	-0.542
73.9732	-0.683
74.0132	-0.834
74.0532	-0.991
74.0932	-1.153
74.1332	-1.316
74.1732	-1.477
74.2132	-1.634
74.2532	-1.783
74.2932	-1.923
74.3332	-2.048
74.3732	-2.160
74.4132	-2.253
74.4532	-2.326
74.4932	-2.380
74.5332	-2.410
74.5732	-2.417
74.6132	-2.403
74.6532	-2.369
74.6932	-2.317
74.7332	-2.246
74.7732	-2.160
74.8132	-2.059
74.8532	-1.946
74.8932	-1.822
74.9332	-1.690
74.9732	-1.554
75.0132	-1.412
75.0532	-1.269
75.0932	-1.128
75.1332	-0.990
75.1732	-0.856
75.2132	-0.730
75.2532	-0.611
75.2932	-0.501
75.3332	-0.402
75.3732	-0.311
75.4132	-0.231
75.4532	-0.160
75.4932	-0.099
75.5332	-0.046
75.5732	0.002
75.6132	0.042
75.6532	0.079
75.6932	0.108
75.7332	0.132
75.7732	0.151
75.8132	0.165
75.8532	0.173
75.8932	0.174
75.9332	0.174
75.9732	0.174
76.0132	0.173
76.0532	0.171
76.0932	0.165
76.1332	0.154
76.1732	0.138
76.2132	0.113
76.2532	0.079
76.2932	0.031
76.3332	-0.028
76.3732	-0.099
76.4132	-0.185
76.4532	-0.283
76.4932	-0.394
76.5332	-0.515
76.5732	-0.649
76.6132	-0.792
76.6532	-0.941
76.6932	-1.096
76.7332	-1.255
76.7732	-1.414
76.8132	-1.569
76.8532	-1.720
76.8932	-1.861
76.9332	-1.993
76.9732	-2.111
77.0132	-2.212
77.0532	-2.297
77.0932	-2.361
77.1332	-2.403
77.1732	-2.424
77.2132	-2.421
77.2532	-2.399
77.2932	-2.355
77.3332	-2.293
77.3732	-2.213
77.4132	-2.116
77.4532	-2.006
77.4932	-1.882
77.5332	-1.747
77.5732	-1.605
77.6132	-1.456
77.6532	-1.305
77.6932	-1.153
77.7332	-1.002
77.7732	-0.855
77.8132	-0.715
77.8532	-0.581
77.8932	-0.456
77.9332	-0.342
77.9732	-0.240
78.0132	-0.149
78.0532	-0.071
78.0932	-0.005
78.1332	0.052
78.1732	0.096
78.2132	0.130
78.2532	0.157
78.2932	0.173
78.3332	0.181
78.3732	0.181
78.4132	0.181
78.4532	0.181
78.4932	0.181
78.5332	0.181
78.5732	0.181
78.6132	0.181
78.6532	0.181
78.6932	0.178
78.7332	0.173
78.7732	0.163
78.8132	0.145
78.8532	0.115
78.8932	0.072
78.9332	0.017
78.9732	-0.053
79.0132	-0.138
79.0532	-0.239
79.0932	-0.353
79.1332	-0.482
79.1732	-0.622
79.2132	-0.771
79.2532	-0.930
79.2932	-1.095
79.3332	-1.263
79.3732	-1.431
79.4132	-1.596
79.4532	-1.755
79.4932	-1.905
79.5332	-2.044
79.5732	-2.166
79.6132	-2.273
79.6532	-2.359
79.6932	-2.425
79.7332	-2.468
79.7732	-2.485
79.8132	-2.480
79.8532	-2.452
79.8932	-2.402
79.9332	-2.333
79.9732	-2.243
80.0132	-2.136
80.0532	-2.015
80.0932	-1.880
80.1332	-1.734
80.1732	-1.580
80.2132	-1.422
80.2532	-1.260
80.2932	-1.098
80.3332	-0.939
80.3732	-0.785
80.4132	-0.638
80.4532	-0.500
80.4932	-0.372
80.5332	-0.258
80.5732	-0.156
80.6132	-0.068
80.6532	0.008
80.6932	0.069
80.7332	0.119
80.7732	0.157
80.8132	0.185
80.8532	0.203
80.8932	0.209
80.9332	0.209
80.9732	0.209
81.0132	0.209
81.0532	0.209
81.0932	0.209
81.1332	0.209
81.1732	0.207
81.2132	0.206
81.2532	0.203
81.2932	0.193
81.3332	0.178
81.3732	0.152
81.4132	0.118
81.4532	0.072
81.4932	0.014
81.5332	-0.058
81.5732	-0.143
81.6132	-0.240
81.6532	-0.352
81.6932	-0.473
81.7332	-0.606
81.7732	-0.749
81.8132	-0.898
81.8532	-1.054
81.8932	-1.211
81.9332	-1.370
81.9732	-1.527
82.0132	-1.678
82.0532	-1.821
82.0932	-1.953
82.1332	-2.072
82.1732	-2.176
82.2132	-2.264
82.2532	-2.331
82.2932	-2.378
82.3332	-2.405
82.3732	-2.410
82.4132	-2.394
82.4532	-2.358
82.4932	-2.303
82.5332	-2.231
82.5732	-2.141
82.6132	-2.039
82.6532	-1.923
82.6932	-1.795
82.7332	-1.660
82.7732	-1.519
82.8132	-1.373
82.8532	-1.227
82.8932	-1.079
82.9332	-0.935
82.9732	-0.795
83.0132	-0.661
83.0532	-0.536
83.0932	-0.419
83.1332	-0.313
83.1732	-0.215
83.2132	-0.127
83.2532	-0.050
83.2932	0.020
83.3332	0.080
83.3732	0.134
83.4132	0.179
83.4532	0.220
83.4932	0.251
83.5332	0.278
83.5732	0.297
83.6132	0.309
83.6532	0.316
83.6932	0.314
83.7332	0.308
83.7732	0.297
83.8132	0.278
83.8532	0.253
83.8932	0.220
83.9332	0.176
83.9732	0.123
84.0132	0.058
84.0532	-0.019
84.0932	-0.107
84.1332	-0.206
84.1732	-0.317
84.2132	-0.438
84.2532	-0.567
84.2932	-0.705
84.3332	-0.850
84.3732	-0.997
84.4132	-1.150
84.4532	-1.301
84.4932	-1.451
84.5332	-1.596
84.5732	-1.734
84.6132	-1.861
84.6532	-1.979
84.6932	-2.083
84.7332	-2.171
84.7732	-2.242
84.8132	-2.293
84.8532	-2.325
84.8932	-2.337
84.9332	-2.329
84.9732	-2.304
85.0132	-2.264
85.0532	-2.205
85.0932	-2.132
85.1332	-2.045
85.1732	-1.946
85.2132	-1.836
85.2532	-1.717
85.2932	-1.591
85.3332	-1.459
85.3732	-1.324
85.4132	-1.189
85.4532	-1.054
85.4932	-0.922
85.5332	-0.793
85.5732	-0.669
85.6132	-0.550
85.6532	-0.438
85.6932	-0.335
85.7332	-0.240
85.7732	-0.152
85.8132	-0.075
85.8532	-0.003
85.8932	0.060
85.9332	0.116
85.9732	0.168
86.0132	0.212
86.0532	0.250
86.0932	0.281
86.1332	0.306
86.1732	0.324
86.2132	0.335
86.2532	0.338
86.2932	0.333
86.3332	0.320
86.3732	0.302
86.4132	0.273
86.4532	0.234
86.4932	0.185
86.5332	0.126
86.5732	0.053
86.6132	-0.033
86.6532	-0.130
86.6932	-0.239
86.7332	-0.360
86.7732	-0.492
86.8132	-0.631
86.8532	-0.779
86.8932	-0.933
86.9332	-1.090
86.9732	-1.249
87.0132	-1.407
87.0532	-1.560
87.0932	-1.707
87.1332	-1.847
87.1732	-1.974
87.2132	-2.088
87.2532	-2.185
87.2932	-2.264
87.3332	-2.323
87.3732	-2.362
87.4132	-2.380
87.4532	-2.378
87.4932	-2.356
87.5332	-2.315
87.5732	-2.256
87.6132	-2.180
87.6532	-2.091
87.6932	-1.985
87.7332	-1.869
87.7732	-1.742
87.8132	-1.607
87.8532	-1.466
87.8932	-1.319
87.9332	-1.173
87.9732	-1.026
88.0132	-0.883
88.0532	-0.741
88.0932	-0.608
88.1332	-0.481
88.1732	-0.361
88.2132	-0.251
88.2532	-0.151
88.2932	-0.061
88.3332	0.020
88.3732	0.091
88.4132	0.152
88.4532	0.204
88.4932	0.245
88.5332	0.276
88.5732	0.297
88.6132	0.306
88.6532	0.308
88.6932	0.305
88.7332	0.298
88.7732	0.291
88.8132	0.281
88.8532	0.267
88.8932	0.247
88.9332	0.220
88.9732	0.185
89.0132	0.141
89.0532	0.086
89.0932	0.020
89.1332	-0.058
89.1732	-0.148
89.2132	-0.248
89.2532	-0.360
89.2932	-0.482
89.3332	-0.614
89.3732	-0.754
89.4132	-0.898
89.4532	-1.049
89.4932	-1.202
89.5332	-1.352
89.5732	-1.502
89.6132	-1.646
89.6532	-1.781
89.6932	-1.909
89.7332	-2.022
89.7732	-2.121
89.8132	-2.202
89.8532	-2.268
89.8932	-2.314
89.9332	-2.339
89.9732	-2.344
90.0132	-2.329
90.0532	-2.298
90.0932	-2.249
90.1332	-2.185
90.1732	-2.106
90.2132	-2.014
90.2532	-1.910
90.2932	-1.795
90.3332	-1.674
90.3732	-1.546
90.4132	-1.414
90.4532	-1.279
90.4932	-1.144
90.5332	-1.012
90.5732	-0.884
90.6132	-0.762
90.6532	-0.647
90.6932	-0.539
90.7332	-0.441
90.7732	-0.352
90.8132	-0.272
90.8532	-0.201
90.8932	-0.140
90.9332	-0.086
90.9732	-0.041
91.0132	0.000
91.0532	0.033
91.0932	0.063
91.1332	0.086
91.1732	0.105
91.2132	0.118
91.2532	0.126
91.2932	0.127
91.3332	0.127
91.3732	0.127
91.4132	0.127
91.4532	0.127
91.4932	0.126
91.5332	0.123
91.5732	0.113
91.6132	0.099
91.6532	0.074
91.6932	0.038
91.7332	-0.011
91.7732	-0.075
91.8132	-0.154
91.8532	-0.248
91.8932	-0.355
91.9332	-0.478
91.9732	-0.613
92.0132	-0.759
92.0532	-0.914
92.0932	-1.076
92.1332	-1.241
92.1732	-1.409
92.2132	-1.574
92.2532	-1.733
92.2932	-1.883
92.3332	-2.023
92.3732	-2.147
92.4132	-2.254
92.4532	-2.342
92.4932	-2.410
92.5332	-2.452
92.5732	-2.471
92.6132	-2.468
92.6532	-2.441
92.6932	-2.394
92.7332	-2.326
92.7732	-2.242
92.8132	-2.138
92.8532	-2.020
92.8932	-1.888
92.9332	-1.745
92.9732	-1.594
93.0132	-1.437
93.0532	-1.277
93.0932	-1.117
93.1332	-0.958
93.1732	-0.803
93.2132	-0.653
93.2532	-0.512
93.2932	-0.380
93.3332	-0.259
93.3732	-0.148
93.4132	-0.050
93.4532	0.036
93.4932	0.112
93.5332	0.174
93.5732	0.226
93.6132	0.265
93.6532	0.295
93.6932	0.313
93.7332	0.319
93.7732	0.317
93.8132	0.313
93.8532	0.306
93.8932	0.297
93.9332	0.284
93.9732	0.269
94.0132	0.250
94.0532	0.223
94.0932	0.192
94.1332	0.152
94.1732	0.104
94.2132	0.047
94.2532	-0.020
94.2932	-0.097
94.3332	-0.187
94.3732	-0.284
94.4132	-0.393
94.4532	-0.511
94.4932	-0.636
94.5332	-0.770
94.5732	-0.908
94.6132	-1.049
94.6532	-1.195
94.6932	-1.340
94.7332	-1.481
94.7732	-1.619
94.8132	-1.750
94.8532	-1.871
94.8932	-1.981
94.9332	-2.077
94.9732	-2.158
95.0132	-2.223
95.0532	-2.268
95.0932	-2.295
95.1332	-2.303
95.1732	-2.292
95.2132	-2.265
95.2532	-2.221
95.2932	-2.161
95.3332	-2.089
95.3732	-2.003
95.4132	-1.905
95.4532	-1.797
95.4932	-1.681
95.5332	-1.557
95.5732	-1.428
95.6132	-1.296
95.6532	-1.162
95.6932	-1.030
95.7332	-0.898
95.7732	-0.771
95.8132	-0.650
95.8532	-0.533
95.8932	-0.424
95.9332	-0.322
95.9732	-0.228
96.0132	-0.141
96.0532	-0.063
96.0932	0.009
96.1332	0.074
96.1732	0.134
96.2132	0.185
96.2532	0.231
96.2932	0.270
96.3332	0.303
96.3732	0.328
96.4132	0.347
96.4532	0.357
96.4932	0.358
96.5332	0.352
96.5732	0.338
96.6132	0.317
96.6532	0.287
96.6932	0.247
96.7332	0.195
96.7732	0.132
96.8132	0.057
96.8532	-0.031
96.8932	-0.132
96.9332	-0.243
96.9732	-0.368
97.0132	-0.501
97.0532	-0.642
97.0932	-0.792
97.1332	-0.947
97.1732	-1.104
97.2132	-1.263
97.2532	-1.420
97.2932	-1.572
97.3332	-1.718
97.3732	-1.854
97.4132	-1.976
97.4532	-2.086
97.4932	-2.179
97.5332	-2.253
97.5732	-2.309
97.6132	-2.344
97.6532	-2.358
97.6932	-2.351
97.7332	-2.326
97.7732	-2.286
97.8132	-2.226
97.8532	-2.152
97.8932	-2.064
97.9332	-1.965
97.9732	-1.854
98.0132	-1.734
98.0532	-1.607
98.0932	-1.475
98.1332	-1.341
98.1732	-1.205
98.2132	-1.070
98.2532	-0.939
98.2932	-0.814
98.3332	-0.693
98.3732	-0.580
98.4132	-0.476
98.4532	-0.380
98.4932	-0.295
98.5332	-0.220
98.5732	-0.152
98.6132	-0.096
98.6532	-0.046
98.6932	-0.003
98.7332	0.031
98.7732	0.061
98.8132	0.085
98.8532	0.104
98.8932	0.116
98.9332	0.124
98.9732	0.126
99.0132	0.126
99.0532	0.126
99.0932	0.126
99.1332	0.126
99.1732	0.126
99.2132	0.124
99.2532	0.119
99.2932	0.110
99.3332	0.093
99.3732	0.066
99.4132	0.027
99.4532	-0.027
99.4932	-0.094
99.5332	-0.176
99.5732	-0.273
99.6132	-0.383
99.6532	-0.507
99.6932	-0.644
99.7332	-0.792
99.7732	-0.947
99.8132	-1.109
99.8532	-1.274
99.8932	-1.439
99.9332	-1.602
99.9732	-1.759
100.0132	-1.907
100.0532	-2.042
100.0932	-2.161
100.1332	-2.264
100.1732	-2.347
100.2132	-2.408
100.2532	-2.446
100.2932	-2.460
100.3332	-2.450
100.3732	-2.419
100.4132	-2.367
100.4532	-2.297
100.4932	-2.209
100.5332	-2.103
100.5732	-1.984
100.6132	-1.852
100.6532	-1.709
100.6932	-1.558
100.7332	-1.403
100.7732	-1.244
100.8132	-1.087
100.8532	-0.930
100.8932	-0.779
100.9332	-0.633
100.9732	-0.496
101.0132	-0.368
101.0532	-0.248
101.0932	-0.141
101.1332	-0.046
101.1732	0.038
101.2132	0.108
101.2532	0.168
101.2932	0.215
101.3332	0.250
101.3732	0.272
101.4132	0.283
101.4532	0.284
101.4932	0.281
101.5332	0.276
101.5732	0.270
101.6132	0.264
101.6532	0.256
101.6932	0.247
101.7332	0.234
101.7732	0.217
101.8132	0.195
101.8532	0.167
101.8932	0.130
101.9332	0.085
101.9732	0.031
102.0132	-0.033
102.0532	-0.108
102.0932	-0.195
102.1332	-0.291
102.1732	-0.397
102.2132	-0.514
102.2532	-0.639
102.2932	-0.771
102.3332	-0.909
102.3732	-1.051
102.4132	-1.194
102.4532	-1.338
102.4932	-1.480
102.5332	-1.618
102.5732	-1.747
102.6132	-1.869
102.6532	-1.979
102.6932	-2.075
102.7332	-2.157
102.7732	-2.221
102.8132	-2.268
102.8532	-2.297
102.8932	-2.304
102.9332	-2.297
102.9732	-2.270
103.0132	-2.227
103.0532	-2.169
103.0932	-2.099
103.1332	-2.014
103.1732	-1.916
103.2132	-1.811
103.2532	-1.695
103.2932	-1.574
103.3332	-1.447
103.3732	-1.316
103.4132	-1.186
103.4532	-1.054
103.4932	-0.925
103.5332	-0.798
103.5732	-0.675
103.6132	-0.558
103.6532	-0.446
103.6932	-0.344
103.7332	-0.250
103.7732	-0.163
103.8132	-0.088
103.8532	-0.020
103.8932	0.038
103.9332	0.088
103.9732	0.129
104.0132	0.163
104.0532	0.190
104.0932	0.207
104.1332	0.217
104.1732	0.218
104.2132	0.218
104.2532	0.218
104.2932	0.218
104.3332	0.217
104.3732	0.215
104.4132	0.210
104.4532	0.203
104.4932	0.187
104.5332	0.162
104.5732	0.126
104.6132	0.077
104.6532	0.014
104.6932	-0.063
104.7332	-0.154
104.7732	-0.261
104.8132	-0.380
104.8532	-0.511
104.8932	-0.653
104.9332	-0.806
104.9732	-0.964
105.0132	-1.129
105.0532	-1.294
105.0932	-1.459
105.1332	-1.619
105.1732	-1.773
105.2132	-1.916
105.2532	-2.047
105.2932	-2.163
105.3332	-2.260
105.3732	-2.339
105.4132	-2.395
105.4532	-2.430
105.4932	-2.439
105.5332	-2.428
105.5732	-2.395
105.6132	-2.344
105.6532	-2.273
105.6932	-2.187
105.7332	-2.083
105.7732	-1.967
105.8132	-1.839
105.8532	-1.703
105.8932	-1.560
105.9332	-1.412
105.9732	-1.261
106.0132	-1.112
106.0532	-0.964
106.0932	-0.820
106.1332	-0.682
106.1732	-0.551
106.2132	-0.429
106.2532	-0.316
106.2932	-0.214
106.3332	-0.121
106.3732	-0.041
106.4132	0.030
106.4532	0.090
106.4932	0.140
106.5332	0.181
106.5732	0.215
106.6132	0.240
106.6532	0.259
106.6932	0.270
106.7332	0.276
106.7732	0.276
106.8132	0.273
106.8532	0.267
106.8932	0.258
106.9332	0.245
106.9732	0.228
107.0132	0.203
107.0532	0.173
107.0932	0.132
107.1332	0.083
107.1732	0.025
107.2132	-0.046
107.2532	-0.126
107.2932	-0.218
107.3332	-0.322
107.3732	-0.435
107.4132	-0.558
107.4532	-0.690
107.4932	-0.826
107.5332	-0.969
107.5732	-1.115
107.6132	-1.263
107.6532	-1.409
107.6932	-1.552
107.7332	-1.690
107.7732	-1.819
107.8132	-1.938
107.8532	-2.045
107.8932	-2.136
107.9332	-2.212
107.9732	-2.270
108.0132	-2.309
108.0532	-2.329
108.0932	-2.329
108.1332	-2.311
108.1732	-2.275
108.2132	-2.221
108.2532	-2.154
108.2932	-2.070
108.3332	-1.974
108.3732	-1.868
108.4132	-1.750
108.4532	-1.624
108.4932	-1.494
108.5332	-1.357
108.5732	-1.219
108.6132	-1.082
108.6532	-0.944
108.6932	-0.812
108.7332	-0.683
108.7732	-0.564
108.8132	-0.451
108.8532	-0.347
108.8932	-0.251
108.9332	-0.165
108.9732	-0.086
109.0132	-0.016
109.0532	0.047
109.0932	0.104
109.1332	0.154
109.1732	0.196
109.2132	0.236
109.2532	0.267
109.2932	0.292
109.3332	0.309
109.3732	0.322
109.4132	0.327
109.4532	0.324
109.4932	0.314
109.5332	0.297
109.5732	0.273
109.6132	0.240
109.6532	0.196
109.6932	0.141
109.7332	0.075
109.7732	-0.003
109.8132	-0.094
109.8532	-0.196
109.8932	-0.311
109.9332	-0.437
109.9732	-0.572
110.0132	-0.716
110.0532	-0.866
110.0932	-1.019
110.1332	-1.177
110.1732	-1.334
110.2132	-1.488
110.2532	-1.638
110.2932	-1.780
110.3332	-1.912
110.3732	-2.029
110.4132	-2.135
110.4532	-2.223
110.4932	-2.290
110.5332	-2.339
110.5732	-2.367
110.6132	-2.373
110.6532	-2.358
110.6932	-2.323
110.7332	-2.271
110.7732	-2.204
110.8132	-2.121
110.8532	-2.023
110.8932	-1.915
110.9332	-1.797
110.9732	-1.670
111.0132	-1.538
111.0532	-1.403
111.0932	-1.264
111.1332	-1.128
111.1732	-0.993
111.2132	-0.862
111.2532	-0.738
111.2932	-0.622
111.3332	-0.514
111.3732	-0.416
111.4132	-0.328
111.4532	-0.248
111.4932	-0.178
111.5332	-0.115
111.5732	-0.061
111.6132	-0.014
111.6532	0.027
111.6932	0.060
111.7332	0.086
111.7732	0.107
111.8132	0.123
111.8532	0.134
111.8932	0.138
111.9332	0.138
111.9732	0.138
112.0132	0.138
112.0532	0.138
112.0932	0.137
112.1332	0.135
112.1732	0.130
112.2132	0.119
112.2532	0.101
112.2932	0.072
112.3332	0.033
112.3732	-0.019
112.4132	-0.083
112.4532	-0.160
112.4932	-0.251
112.5332	-0.355
112.5732	-0.471
112.6132	-0.598
112.6532	-0.737
112.6932	-0.884
112.7332	-1.037
112.7732	-1.195
112.8132	-1.354
112.8532	-1.513
112.8932	-1.667
112.9332	-1.813
112.9732	-1.949
113.0132	-2.073
113.0532	-2.183
113.0932	-2.275
113.1332	-2.347
113.1732	-2.397
113.2132	-2.427
113.2532	-2.433
113.2932	-2.417
113.3332	-2.381
113.3732	-2.325
113.4132	-2.249
113.4532	-2.158
113.4932	-2.050
113.5332	-1.931
113.5732	-1.797
113.6132	-1.656
113.6532	-1.506
113.6932	-1.354
113.7332	-1.199
113.7732	-1.043
113.8132	-0.891
113.8532	-0.743
113.8932	-0.602
113.9332	-0.468
113.9732	-0.346
114.0132	-0.232
114.0532	-0.132
114.0932	-0.044
114.1332	0.033
114.1732	0.099
114.2132	0.156
114.2532	0.201
114.2932	0.237
114.3332	0.264
114.3732	0.283
114.4132	0.292
114.4532	0.294
114.4932	0.289
114.5332	0.283
114.5732	0.275
114.6132	0.265
114.6532	0.253
114.6932	0.239
114.7332	0.220
114.7732	0.193
114.8132	0.160
114.8532	0.119
114.8932	0.068
114.9332	0.006
114.9732	-0.068
115.0132	-0.151
115.0532	-0.245
115.0932	-0.352
115.1332	-0.468
115.1732	-0.592
115.2132	-0.726
115.2532	-0.866
115.2932	-1.008
115.3332	-1.156
115.3732	-1.305
115.4132	-1.451
115.4532	-1.594
115.4932	-1.729
115.5332	-1.857
115.5732	-1.971
115.6132	-2.073
115.6532	-2.160
115.6932	-2.229
115.7332	-2.281
115.7732	-2.312
115.8132	-2.326
115.8532	-2.320
115.8932	-2.297
115.9332	-2.256
115.9732	-2.199
116.0132	-2.130
116.0532	-2.045
116.0932	-1.949
116.1332	-1.844
116.1732	-1.729
116.2132	-1.610
116.2532	-1.486
116.2932	-1.359
116.3332	-1.232
116.3732	-1.106
116.4132	-0.980
116.4532	-0.861
116.4932	-0.745
116.5332	-0.633
116.5732	-0.529
116.6132	-0.430
116.6532	-0.338
116.6932	-0.251
116.7332	-0.173
116.7732	-0.102
116.8132	-0.038
116.8532	0.017
116.8932	0.066
116.9332	0.107
116.9732	0.141
117.0132	0.168
117.0532	0.187
117.0932	0.198
117.1332	0.199
117.1732	0.199
117.2132	0.199
117.2532	0.198
117.2932	0.196
117.3332	0.195
117.3732	0.192
117.4132	0.185
117.4532	0.174
117.4932	0.154
117.5332	0.123
117.5732	0.080
117.6132	0.025
117.6532	-0.046
117.6932	-0.129
117.7332	-0.228
117.7732	-0.339
117.8132	-0.463
117.8532	-0.598
117.8932	-0.745
117.9332	-0.898
117.9732	-1.057
118.0132	-1.221
118.0532	-1.384
118.0932	-1.544
118.1332	-1.700
118.1732	-1.847
118.2132	-1.982
118.2532	-2.105
118.2932	-2.210
118.3332	-2.297
118.3732	-2.364
118.4132	-2.408
118.4532	-2.430
118.4932	-2.430
118.5332	-2.406
118.5732	-2.366
118.6132	-2.304
118.6532	-2.226
118.6932	-2.132
118.7332	-2.023
118.7732	-1.902
118.8132	-1.773
118.8532	-1.637
118.8932	-1.495
118.9332	-1.351
118.9732	-1.206
119.0132	-1.065
119.0532	-0.925
119.0932	-0.793
119.1332	-0.668
119.1732	-0.550
119.2132	-0.443
119.2532	-0.346
119.2932	-0.259
119.3332	-0.184
119.3732	-0.121
119.4132	-0.068
119.4532	-0.024
119.4932	0.011
119.5332	0.036
119.5732	0.057
119.6132	0.071
119.6532	0.079
119.6932	0.082
119.7332	0.082
119.7732	0.082
119.8132	0.082
119.8532	0.082
119.8932	0.082
119.9332	0.082
119.9732	0.082
120.0132	0.080
120.0532	0.077
120.0932	0.071
120.1332	0.060
120.1732	0.039
120.2132	0.009
120.2532	-0.033
120.2932	-0.088
120.3332	-0.157
120.3732	-0.242
120.4132	-0.339
120.4532	-0.452
120.4932	-0.576
120.5332	-0.715
120.5732	-0.861
120.6132	-1.016
120.6532	-1.177
120.6932	-1.340
120.7332	-1.503
120.7732	-1.663
120.8132	-1.816
120.8532	-1.960
120.8932	-2.092
120.9332	-2.209
120.9732	-2.306
121.0132	-2.384
121.0532	-2.441
121.0932	-2.474
121.1332	-2.483
121.1732	-2.468
121.2132	-2.430
121.2532	-2.372
121.2932	-2.292
121.3332	-2.194
121.3732	-2.078
121.4132	-1.948
121.4532	-1.805
121.4932	-1.649
121.5332	-1.488
121.5732	-1.321
121.6132	-1.151
121.6532	-0.983
121.6932	-0.818
121.7332	-0.658
121.7732	-0.507
121.8132	-0.368
121.8532	-0.242
121.8932	-0.129
121.9332	-0.031
121.9732	0.052
122.0132	0.119
122.0532	0.173
122.0932	0.214
122.1332	0.240
122.1732	0.253
122.2132	0.254
122.2532	0.253
122.2932	0.251
122.3332	0.251
122.3732	0.251
122.4132	0.251
122.4532	0.251
122.4932	0.250
122.5332	0.247
122.5732	0.239
122.6132	0.225
122.6532	0.201
122.6932	0.167
122.7332	0.123
122.7732	0.066
122.8132	-0.005
122.8532	-0.088
122.8932	-0.184
122.9332	-0.292
122.9732	-0.415
123.0132	-0.547
123.0532	-0.690
123.0932	-0.839
123.1332	-0.996
123.1732	-1.156
123.2132	-1.316
123.2532	-1.477
123.2932	-1.632
123.3332	-1.780
123.3732	-1.916
123.4132	-2.040
123.4532	-2.150
123.4932	-2.243
123.5332	-2.317
123.5732	-2.369
123.6132	-2.400
123.6532	-2.410
123.6932	-2.397
123.7332	-2.366
123.7732	-2.315
123.8132	-2.246
123.8532	-2.161
123.8932	-2.061
123.9332	-1.949
123.9732	-1.825
124.0132	-1.692
124.0532	-1.552
124.0932	-1.409
124.1332	-1.263
124.1732	-1.118
124.2132	-0.975
124.2532	-0.836
124.2932	-0.702
124.3332	-0.576
124.3732	-0.459
124.4132	-0.353
124.4532	-0.258
124.4932	-0.174
124.5332	-0.104
124.5732	-0.042
124.6132	0.006
124.6532	0.047
124.6932	0.079
124.7332	0.101
124.7732	0.116
124.8132	0.124
124.8532	0.126
124.8932	0.126
124.9332	0.126
124.9732	0.126
125.0132	0.126
125.0532	0.126
125.0932	0.126
125.1332	0.126
125.1732	0.124
125.2132	0.121
125.2532	0.112
125.2932	0.096
125.3332	0.071
125.3732	0.031
125.4132	-0.019
125.4532	-0.085
125.4932	-0.163
125.5332	-0.258
125.5732	-0.364
125.6132	-0.485
125.6532	-0.617
125.6932	-0.760
125.7332	-0.911
125.7732	-1.070
125.8132	-1.232
125.8532	-1.393
125.8932	-1.554
125.9332	-1.709
125.9732	-1.857
126.0132	-1.992
126.0532	-2.116
126.0932	-2.223
126.1332	-2.311
126.1732	-2.378
126.2132	-2.425
126.2532	-2.449
126.2932	-2.450
126.3332	-2.428
126.3732	-2.386
126.4132	-2.325
126.4532	-2.243
126.4932	-2.146
126.5332	-2.031
126.5732	-1.905
126.6132	-1.767
126.6532	-1.619
126.6932	-1.466
126.7332	-1.308
126.7732	-1.151
126.8132	-0.994
126.8532	-0.840
126.8932	-0.693
126.9332	-0.551
126.9732	-0.421
127.0132	-0.302
127.0532	-0.193
127.0932	-0.099
127.1332	-0.017
127.1732	0.050
127.2132	0.104
127.2532	0.146
127.2932	0.176
127.3332	0.195
127.3732	0.201
127.4132	0.201
127.4532	0.201
127.4932	0.201
127.5332	0.201
127.5732	0.201
127.6132	0.201
127.6532	0.201
127.6932	0.199
127.7332	0.196
127.7732	0.192
127.8132	0.179
127.8532	0.160
127.8932	0.130
127.9332	0.090
127.9732	0.038
128.0132	-0.027
128.0532	-0.105
128.0932	-0.196
128.1332	-0.302
128.1732	-0.419
128.2132	-0.547
128.2532	-0.686
128.2932	-0.834
128.3332	-0.988
128.3732	-1.148
128.4132	-1.308
128.4532	-1.467
128.4932	-1.624
128.5332	-1.773
128.5732	-1.913
128.6132	-2.040
128.6532	-2.155
128.6932	-2.251
128.7332	-2.329
128.7732	-2.386
128.8132	-2.422
128.8532	-2.435
128.8932	-2.425
128.9332	-2.395
128.9732	-2.345
129.0132	-2.276
129.0532	-2.190
129.0932	-2.088
129.1332	-1.971
129.1732	-1.843
129.2132	-1.704
129.2532	-1.560
129.2932	-1.409
129.3332	-1.257
129.3732	-1.104
129.4132	-0.953
129.4532	-0.807
129.4932	-0.666
129.5332	-0.533
129.5732	-0.407
129.6132	-0.292
129.6532	-0.187
129.6932	-0.094
129.7332	-0.013
129.7732	0.057
129.8132	0.115
129.8532	0.163
129.8932	0.201
129.9332	0.228
129.9732	0.242
130.0132	0.247
130.0532	0.247
130.0932	0.245
130.1332	0.245
130.1732	0.243
130.2132	0.243
130.2532	0.243
130.2932	0.240
130.3332	0.237
130.3732	0.226
130.4132	0.209
130.4532	0.182
130.4932	0.143
130.5332	0.093
130.5732	0.030
