# Posizione angolare. Oscillazioni forzate 2.00 V
# Tempo ( s )	Posizione angolare ( rad )
0.0311	-0.080
0.0711	-0.005
0.1111	0.075
0.1511	0.160
0.1911	0.250
0.2311	0.341
0.2711	0.435
0.3111	0.531
0.3511	0.628
0.3911	0.726
0.4311	0.822
0.4711	0.916
0.5111	1.007
0.5511	1.096
0.5911	1.181
0.6311	1.260
0.6711	1.334
0.7111	1.401
0.7511	1.461
0.7911	1.513
0.8311	1.555
0.8711	1.591
0.9111	1.616
0.9511	1.632
0.9911	1.638
1.0311	1.637
1.0711	1.626
1.1111	1.608
1.1511	1.583
1.1911	1.550
1.2311	1.511
1.2711	1.466
1.3111	1.414
1.3511	1.354
1.3911	1.291
1.4311	1.222
1.4711	1.148
1.5111	1.070
1.5511	0.988
1.5911	0.903
1.6311	0.817
1.6711	0.727
1.7111	0.639
1.7511	0.550
1.7911	0.462
1.8311	0.375
1.8711	0.291
1.9111	0.209
1.9511	0.134
1.9911	0.068
2.0311	0.008
2.0711	-0.044
2.1111	-0.088
2.1511	-0.127
2.1911	-0.162
2.2311	-0.190
2.2711	-0.214
2.3111	-0.232
2.3511	-0.248
2.3911	-0.261
2.4311	-0.272
2.4711	-0.283
2.5111	-0.291
2.5511	-0.300
2.5911	-0.309
2.6311	-0.320
2.6711	-0.333
2.7111	-0.346
2.7511	-0.361
2.7911	-0.379
2.8311	-0.396
2.8711	-0.415
2.9111	-0.434
2.9511	-0.452
2.9911	-0.468
3.0311	-0.481
3.0711	-0.490
3.1111	-0.493
3.1511	-0.493
3.1911	-0.487
3.2311	-0.474
3.2711	-0.456
3.3111	-0.432
3.3511	-0.401
3.3911	-0.363
3.4311	-0.317
3.4711	-0.265
3.5111	-0.206
3.5511	-0.140
3.5911	-0.066
3.6311	0.013
3.6711	0.097
3.7111	0.187
3.7511	0.280
3.7911	0.377
3.8311	0.476
3.8711	0.575
3.9111	0.675
3.9511	0.774
3.9911	0.872
4.0311	0.968
4.0711	1.059
4.1111	1.147
4.1511	1.230
4.1911	1.307
4.2311	1.378
4.2711	1.440
4.3111	1.494
4.3511	1.539
4.3911	1.577
4.4311	1.605
4.4711	1.624
4.5111	1.632
4.5511	1.634
4.5911	1.624
4.6311	1.608
4.6711	1.587
4.7111	1.557
4.7511	1.521
4.7911	1.478
4.8311	1.431
4.8711	1.376
4.9111	1.318
4.9511	1.255
4.9911	1.188
5.0311	1.117
5.0711	1.043
5.1111	0.966
5.1511	0.888
5.1911	0.807
5.2311	0.727
5.2711	0.646
5.3111	0.565
5.3511	0.484
5.3911	0.405
5.4311	0.327
5.4711	0.251
5.5111	0.178
5.5511	0.107
5.5911	0.039
5.6311	-0.025
5.6711	-0.086
5.7111	-0.145
5.7511	-0.196
5.7911	-0.245
5.8311	-0.291
5.8711	-0.331
5.9111	-0.368
5.9511	-0.399
5.9911	-0.427
6.0311	-0.451
6.0711	-0.471
6.1111	-0.489
6.1511	-0.501
6.1911	-0.511
6.2311	-0.517
6.2711	-0.522
6.3111	-0.522
6.3511	-0.522
6.3911	-0.520
6.4311	-0.515
6.4711	-0.512
6.5111	-0.506
6.5511	-0.500
6.5911	-0.492
6.6311	-0.482
6.6711	-0.471
6.7111	-0.457
6.7511	-0.440
6.7911	-0.419
6.8311	-0.396
6.8711	-0.368
6.9111	-0.336
6.9511	-0.298
6.9911	-0.256
7.0311	-0.209
7.0711	-0.157
7.1111	-0.099
7.1511	-0.036
7.1911	0.031
7.2311	0.104
7.2711	0.182
7.3111	0.262
7.3511	0.347
7.3911	0.435
7.4311	0.525
7.4711	0.616
7.5111	0.708
7.5511	0.800
7.5911	0.891
7.6311	0.980
7.6711	1.067
7.7111	1.151
7.7511	1.232
7.7911	1.307
7.8311	1.376
7.8711	1.439
7.9111	1.495
7.9511	1.544
7.9911	1.585
8.0311	1.618
8.0711	1.641
8.1111	1.654
8.1511	1.659
8.1911	1.652
8.2311	1.638
8.2711	1.615
8.3111	1.582
8.3511	1.543
8.3911	1.494
8.4311	1.437
8.4711	1.374
8.5111	1.305
8.5511	1.230
8.5911	1.148
8.6311	1.062
8.6711	0.974
8.7111	0.881
8.7511	0.789
8.7911	0.694
8.8311	0.602
8.8711	0.509
8.9111	0.418
8.9511	0.331
8.9911	0.247
9.0311	0.168
9.0711	0.093
9.1111	0.020
9.1511	-0.044
9.1911	-0.104
9.2311	-0.157
9.2711	-0.206
9.3111	-0.248
9.3511	-0.286
9.3911	-0.319
9.4311	-0.346
9.4711	-0.369
9.5111	-0.388
9.5511	-0.404
9.5911	-0.418
9.6311	-0.427
9.6711	-0.435
9.7111	-0.441
9.7511	-0.445
9.7911	-0.448
9.8311	-0.449
9.8711	-0.451
9.9111	-0.451
9.9511	-0.451
9.9911	-0.451
10.0311	-0.451
10.0711	-0.451
10.1111	-0.451
10.1511	-0.449
10.1911	-0.448
10.2311	-0.443
10.2711	-0.437
10.3111	-0.427
10.3511	-0.413
10.3911	-0.396
10.4311	-0.372
10.4711	-0.344
10.5111	-0.309
10.5511	-0.269
10.5911	-0.220
10.6311	-0.167
10.6711	-0.107
10.7111	-0.041
10.7511	0.031
10.7911	0.108
10.8311	0.192
10.8711	0.280
10.9111	0.372
10.9511	0.467
10.9911	0.564
11.0311	0.664
11.0711	0.765
11.1111	0.864
11.1511	0.963
11.1911	1.059
11.2311	1.151
11.2711	1.239
11.3111	1.321
11.3511	1.396
11.3911	1.466
11.4311	1.525
11.4711	1.576
11.5111	1.616
11.5511	1.648
11.5911	1.668
11.6311	1.679
11.6711	1.679
11.7111	1.670
11.7511	1.652
11.7911	1.626
11.8311	1.590
11.8711	1.547
11.9111	1.499
11.9511	1.442
11.9911	1.379
12.0311	1.312
12.0711	1.238
12.1111	1.161
12.1511	1.081
12.1911	0.997
12.2311	0.913
12.2711	0.828
12.3111	0.743
12.3511	0.658
12.3911	0.575
12.4311	0.493
12.4711	0.415
12.5111	0.339
12.5511	0.267
12.5911	0.198
12.6311	0.134
12.6711	0.072
12.7111	0.014
12.7511	-0.038
12.7911	-0.086
12.8311	-0.132
12.8711	-0.173
12.9111	-0.209
12.9511	-0.243
12.9911	-0.273
13.0311	-0.302
13.0711	-0.327
13.1111	-0.350
13.1511	-0.372
13.1911	-0.391
13.2311	-0.410
13.2711	-0.426
13.3111	-0.440
13.3511	-0.454
13.3911	-0.467
13.4311	-0.476
13.4711	-0.484
13.5111	-0.492
13.5511	-0.496
13.5911	-0.498
13.6311	-0.498
13.6711	-0.496
13.7111	-0.493
13.7511	-0.487
13.7911	-0.479
13.8311	-0.470
13.8711	-0.456
13.9111	-0.438
13.9511	-0.418
13.9911	-0.394
14.0311	-0.364
14.0711	-0.330
14.1111	-0.291
14.1511	-0.247
14.1911	-0.196
14.2311	-0.140
14.2711	-0.079
14.3111	-0.013
14.3511	0.060
14.3911	0.137
14.4311	0.217
14.4711	0.300
14.5111	0.388
14.5511	0.476
14.5911	0.567
14.6311	0.660
14.6711	0.751
14.7111	0.842
14.7511	0.933
14.7911	1.021
14.8311	1.107
14.8711	1.189
14.9111	1.266
14.9511	1.338
14.9911	1.404
15.0311	1.464
15.0711	1.514
15.1111	1.558
15.1511	1.593
15.1911	1.619
15.2311	1.635
15.2711	1.643
15.3111	1.641
15.3511	1.630
15.3911	1.612
15.4311	1.587
15.4711	1.552
15.5111	1.511
15.5511	1.464
15.5911	1.411
15.6311	1.351
15.6711	1.285
15.7111	1.216
15.7511	1.140
15.7911	1.062
15.8311	0.980
15.8711	0.895
15.9111	0.811
15.9511	0.724
15.9911	0.638
16.0311	0.551
16.0711	0.467
16.1111	0.383
16.1511	0.303
16.1911	0.226
16.2311	0.152
16.2711	0.082
16.3111	0.014
16.3511	-0.047
16.3911	-0.105
16.4311	-0.159
16.4711	-0.206
16.5111	-0.250
16.5511	-0.289
16.5911	-0.324
16.6311	-0.353
16.6711	-0.380
16.7111	-0.402
16.7511	-0.423
16.7911	-0.438
16.8311	-0.452
16.8711	-0.463
16.9111	-0.473
16.9511	-0.479
16.9911	-0.484
17.0311	-0.487
17.0711	-0.489
17.1111	-0.489
17.1511	-0.489
17.1911	-0.485
17.2311	-0.484
17.2711	-0.479
17.3111	-0.474
17.3511	-0.468
17.3911	-0.459
17.4311	-0.446
17.4711	-0.432
17.5111	-0.413
17.5511	-0.390
17.5911	-0.363
17.6311	-0.330
17.6711	-0.291
17.7111	-0.247
17.7511	-0.196
17.7911	-0.140
17.8311	-0.079
17.8711	-0.011
17.9111	0.063
17.9511	0.141
17.9911	0.223
18.0311	0.311
18.0711	0.401
18.1111	0.493
18.1511	0.587
18.1911	0.685
18.2311	0.781
18.2711	0.877
18.3111	0.972
18.3511	1.065
18.3911	1.155
18.4311	1.239
18.4711	1.321
18.5111	1.395
18.5511	1.462
18.5911	1.521
18.6311	1.571
18.6711	1.613
18.7111	1.645
18.7511	1.667
18.7911	1.678
18.8311	1.678
18.8711	1.668
18.9111	1.651
18.9511	1.624
18.9911	1.590
19.0311	1.547
19.0711	1.497
19.1111	1.440
19.1511	1.376
19.1911	1.307
19.2311	1.233
19.2711	1.155
19.3111	1.071
19.3511	0.986
19.3911	0.898
19.4311	0.811
19.4711	0.723
19.5111	0.635
19.5511	0.547
19.5911	0.463
19.6311	0.382
19.6711	0.302
19.7111	0.226
19.7511	0.156
19.7911	0.088
19.8311	0.025
19.8711	-0.033
19.9111	-0.086
19.9511	-0.135
19.9911	-0.179
20.0311	-0.218
20.0711	-0.253
20.1111	-0.284
20.1511	-0.313
20.1911	-0.338
20.2311	-0.360
20.2711	-0.379
20.3111	-0.396
20.3511	-0.412
20.3911	-0.426
20.4311	-0.438
20.4711	-0.449
20.5111	-0.459
20.5511	-0.467
20.5911	-0.474
20.6311	-0.481
20.6711	-0.484
20.7111	-0.485
20.7511	-0.487
20.7911	-0.485
20.8311	-0.482
20.8711	-0.476
20.9111	-0.470
20.9511	-0.459
20.9911	-0.446
21.0311	-0.429
21.0711	-0.410
21.1111	-0.385
21.1511	-0.355
21.1911	-0.320
21.2311	-0.280
21.2711	-0.232
21.3111	-0.179
21.3511	-0.121
21.3911	-0.055
21.4311	0.016
21.4711	0.091
21.5111	0.173
21.5511	0.258
21.5911	0.347
21.6311	0.440
21.6711	0.534
21.7111	0.631
21.7511	0.729
21.7911	0.828
21.8311	0.925
21.8711	1.021
21.9111	1.115
21.9511	1.205
21.9911	1.290
22.0311	1.370
22.0711	1.442
22.1111	1.508
22.1511	1.565
22.1911	1.613
22.2311	1.652
22.2711	1.679
22.3111	1.696
22.3511	1.701
22.3911	1.696
22.4311	1.682
22.4711	1.657
22.5111	1.623
22.5511	1.579
22.5911	1.525
22.6311	1.466
22.6711	1.396
22.7111	1.321
22.7511	1.239
22.7911	1.153
22.8311	1.062
22.8711	0.968
22.9111	0.870
22.9511	0.771
22.9911	0.674
23.0311	0.576
23.0711	0.481
23.1111	0.386
23.1511	0.297
23.1911	0.212
23.2311	0.130
23.2711	0.055
23.3111	-0.016
23.3511	-0.080
23.3911	-0.138
23.4311	-0.188
23.4711	-0.234
23.5111	-0.273
23.5511	-0.308
23.5911	-0.335
23.6311	-0.358
23.6711	-0.377
23.7111	-0.393
23.7511	-0.404
23.7911	-0.413
23.8311	-0.419
23.8711	-0.424
23.9111	-0.427
23.9511	-0.430
23.9911	-0.432
24.0311	-0.435
24.0711	-0.435
24.1111	-0.437
24.1511	-0.438
24.1911	-0.438
24.2311	-0.438
24.2711	-0.438
24.3111	-0.438
24.3511	-0.437
24.3911	-0.434
24.4311	-0.427
24.4711	-0.419
24.5111	-0.408
24.5511	-0.393
24.5911	-0.372
24.6311	-0.347
24.6711	-0.316
24.7111	-0.280
24.7511	-0.236
24.7911	-0.185
24.8311	-0.127
24.8711	-0.064
24.9111	0.005
24.9511	0.080
24.9911	0.160
25.0311	0.245
25.0711	0.335
25.1111	0.427
25.1511	0.523
25.1911	0.620
25.2311	0.721
25.2711	0.820
25.3111	0.920
25.3511	1.018
25.3911	1.114
25.4311	1.205
25.4711	1.293
25.5111	1.373
25.5511	1.447
25.5911	1.513
25.6311	1.569
25.6711	1.616
25.7111	1.654
25.7511	1.681
25.7911	1.696
25.8311	1.701
25.8711	1.695
25.9111	1.679
25.9511	1.654
25.9911	1.621
26.0311	1.577
26.0711	1.527
26.1111	1.469
26.1511	1.403
26.1911	1.330
26.2311	1.253
26.2711	1.172
26.3111	1.087
26.3511	0.999
26.3911	0.908
26.4311	0.817
26.4711	0.727
26.5111	0.636
26.5511	0.548
26.5911	0.463
26.6311	0.380
26.6711	0.302
26.7111	0.226
26.7511	0.156
26.7911	0.088
26.8311	0.027
26.8711	-0.030
26.9111	-0.082
26.9511	-0.129
26.9911	-0.171
27.0311	-0.209
27.0711	-0.242
27.1111	-0.272
27.1511	-0.298
27.1911	-0.322
27.2311	-0.342
27.2711	-0.360
27.3111	-0.377
27.3511	-0.391
27.3911	-0.405
27.4311	-0.418
27.4711	-0.429
27.5111	-0.440
27.5511	-0.449
27.5911	-0.459
27.6311	-0.467
27.6711	-0.473
27.7111	-0.478
27.7511	-0.482
27.7911	-0.482
27.8311	-0.482
27.8711	-0.479
27.9111	-0.474
27.9511	-0.467
27.9911	-0.457
28.0311	-0.443
28.0711	-0.426
28.1111	-0.405
28.1511	-0.379
28.1911	-0.349
28.2311	-0.313
28.2711	-0.272
28.3111	-0.226
28.3511	-0.176
28.3911	-0.119
28.4311	-0.058
28.4711	0.008
28.5111	0.080
28.5511	0.157
28.5911	0.237
28.6311	0.322
28.6711	0.410
28.7111	0.501
28.7511	0.595
28.7911	0.690
28.8311	0.785
28.8711	0.880
28.9111	0.974
28.9511	1.067
28.9911	1.155
29.0311	1.239
29.0711	1.319
29.1111	1.392
29.1511	1.459
29.1911	1.517
29.2311	1.568
29.2711	1.608
29.3111	1.640
29.3511	1.662
29.3911	1.673
29.4311	1.674
29.4711	1.665
29.5111	1.648
29.5511	1.623
29.5911	1.588
29.6311	1.546
29.6711	1.495
29.7111	1.439
29.7511	1.374
29.7911	1.305
29.8311	1.230
29.8711	1.151
29.9111	1.068
29.9511	0.982
29.9911	0.894
30.0311	0.806
30.0711	0.716
30.1111	0.628
30.1511	0.540
30.1911	0.456
30.2311	0.372
30.2711	0.294
30.3111	0.217
30.3511	0.145
30.3911	0.077
30.4311	0.013
30.4711	-0.046
30.5111	-0.101
30.5511	-0.149
30.5911	-0.195
30.6311	-0.236
30.6711	-0.272
30.7111	-0.305
30.7511	-0.333
30.7911	-0.358
30.8311	-0.380
30.8711	-0.401
30.9111	-0.416
30.9511	-0.430
30.9911	-0.443
31.0311	-0.454
31.0711	-0.462
31.1111	-0.470
31.1511	-0.476
31.1911	-0.479
31.2311	-0.482
31.2711	-0.484
31.3111	-0.484
31.3511	-0.482
31.3911	-0.479
31.4311	-0.476
31.4711	-0.470
31.5111	-0.463
31.5511	-0.454
31.5911	-0.441
31.6311	-0.427
31.6711	-0.408
31.7111	-0.386
31.7511	-0.360
31.7911	-0.328
31.8311	-0.291
31.8711	-0.247
31.9111	-0.196
31.9511	-0.140
31.9911	-0.077
32.0311	-0.009
32.0711	0.064
32.1111	0.143
32.1511	0.226
32.1911	0.313
32.2311	0.402
32.2711	0.495
32.3111	0.591
32.3511	0.686
32.3911	0.782
32.4311	0.878
32.4711	0.971
32.5111	1.063
32.5511	1.153
32.5911	1.238
32.6311	1.318
32.6711	1.392
32.7111	1.459
32.7511	1.517
32.7911	1.569
32.8311	1.612
32.8711	1.643
32.9111	1.665
32.9511	1.678
32.9911	1.679
33.0311	1.671
33.0711	1.654
33.1111	1.627
33.1511	1.593
33.1911	1.550
33.2311	1.500
33.2711	1.444
33.3111	1.379
33.3511	1.310
33.3911	1.235
33.4311	1.156
33.4711	1.073
33.5111	0.988
33.5511	0.902
33.5911	0.814
33.6311	0.726
33.6711	0.638
33.7111	0.551
33.7511	0.468
33.7911	0.386
33.8311	0.309
33.8711	0.234
33.9111	0.163
33.9511	0.097
33.9911	0.035
34.0311	-0.022
34.0711	-0.075
34.1111	-0.124
34.1511	-0.167
34.1911	-0.206
34.2311	-0.240
34.2711	-0.272
34.3111	-0.300
34.3511	-0.325
34.3911	-0.346
34.4311	-0.364
34.4711	-0.382
34.5111	-0.397
34.5511	-0.412
34.5911	-0.424
34.6311	-0.435
34.6711	-0.445
34.7111	-0.454
34.7511	-0.463
34.7911	-0.470
34.8311	-0.476
34.8711	-0.479
34.9111	-0.481
34.9511	-0.482
34.9911	-0.481
35.0311	-0.476
35.0711	-0.471
35.1111	-0.463
35.1511	-0.452
35.1911	-0.440
35.2311	-0.423
35.2711	-0.404
35.3111	-0.380
35.3511	-0.350
35.3911	-0.316
35.4311	-0.276
35.4711	-0.231
35.5111	-0.178
35.5511	-0.119
35.5911	-0.055
35.6311	0.014
35.6711	0.090
35.7111	0.171
35.7511	0.256
35.7911	0.344
35.8311	0.437
35.8711	0.531
35.9111	0.628
35.9511	0.724
35.9911	0.822
36.0311	0.919
36.0711	1.013
36.1111	1.106
36.1511	1.194
36.1911	1.279
36.2311	1.356
36.2711	1.428
36.3111	1.492
36.3511	1.547
36.3911	1.594
36.4311	1.630
36.4711	1.657
36.5111	1.674
36.5511	1.681
36.5911	1.676
36.6311	1.663
36.6711	1.640
36.7111	1.610
36.7511	1.571
36.7911	1.524
36.8311	1.470
36.8711	1.409
36.9111	1.343
36.9511	1.271
36.9911	1.194
37.0311	1.114
37.0711	1.030
37.1111	0.944
37.1511	0.856
37.1911	0.768
37.2311	0.682
37.2711	0.595
37.3111	0.511
37.3511	0.429
37.3911	0.349
37.4311	0.273
37.4711	0.201
37.5111	0.134
37.5511	0.071
37.5911	0.013
37.6311	-0.041
37.6711	-0.090
37.7111	-0.135
37.7511	-0.174
37.7911	-0.210
37.8311	-0.242
37.8711	-0.270
37.9111	-0.297
37.9511	-0.319
37.9911	-0.339
38.0311	-0.358
38.0711	-0.374
38.1111	-0.390
38.1511	-0.404
38.1911	-0.416
38.2311	-0.429
38.2711	-0.440
38.3111	-0.451
38.3511	-0.459
38.3911	-0.467
38.4311	-0.474
38.4711	-0.479
38.5111	-0.481
38.5511	-0.482
38.5911	-0.481
38.6311	-0.478
38.6711	-0.471
38.7111	-0.465
38.7511	-0.454
38.7911	-0.440
38.8311	-0.423
38.8711	-0.402
38.9111	-0.377
38.9511	-0.347
38.9911	-0.311
39.0311	-0.270
39.0711	-0.221
39.1111	-0.168
39.1511	-0.110
39.1911	-0.046
39.2311	0.025
39.2711	0.099
39.3111	0.179
39.3511	0.262
39.3911	0.349
39.4311	0.437
39.4711	0.528
39.5111	0.622
39.5511	0.715
39.5911	0.809
39.6311	0.902
39.6711	0.993
39.7111	1.081
39.7511	1.166
39.7911	1.246
39.8311	1.321
39.8711	1.389
39.9111	1.451
39.9511	1.505
39.9911	1.550
40.0311	1.588
40.0711	1.616
40.1111	1.635
40.1511	1.645
40.1911	1.645
40.2311	1.635
40.2711	1.619
40.3111	1.594
40.3511	1.563
40.3911	1.524
40.4311	1.478
40.4711	1.426
40.5111	1.368
40.5511	1.305
40.5911	1.236
40.6311	1.162
40.6711	1.087
40.7111	1.007
40.7511	0.924
40.7911	0.840
40.8311	0.754
40.8711	0.669
40.9111	0.584
40.9511	0.501
40.9911	0.419
41.0311	0.339
41.0711	0.264
41.1111	0.190
41.1511	0.119
41.1911	0.053
41.2311	-0.008
41.2711	-0.066
41.3111	-0.118
41.3511	-0.167
41.3911	-0.210
41.4311	-0.250
41.4711	-0.284
41.5111	-0.316
41.5511	-0.344
41.5911	-0.368
41.6311	-0.390
41.6711	-0.408
41.7111	-0.424
41.7511	-0.438
41.7911	-0.449
41.8311	-0.459
41.8711	-0.468
41.9111	-0.474
41.9511	-0.479
41.9911	-0.482
42.0311	-0.484
42.0711	-0.484
42.1111	-0.484
42.1511	-0.481
42.1911	-0.478
42.2311	-0.473
42.2711	-0.467
42.3111	-0.457
42.3511	-0.446
42.3911	-0.434
42.4311	-0.416
42.4711	-0.394
42.5111	-0.369
42.5511	-0.339
42.5911	-0.305
42.6311	-0.264
42.6711	-0.218
42.7111	-0.167
42.7511	-0.110
42.7911	-0.047
42.8311	0.020
42.8711	0.094
42.9111	0.171
42.9511	0.253
42.9911	0.338
43.0311	0.426
43.0711	0.517
43.1111	0.609
43.1511	0.702
43.1911	0.796
43.2311	0.889
43.2711	0.980
43.3111	1.071
43.3511	1.158
43.3911	1.241
43.4311	1.319
43.4711	1.392
43.5111	1.458
43.5511	1.516
43.5911	1.566
43.6311	1.607
43.6711	1.638
43.7111	1.660
43.7511	1.671
43.7911	1.673
43.8311	1.665
43.8711	1.648
43.9111	1.621
43.9511	1.585
43.9911	1.543
44.0311	1.492
44.0711	1.434
44.1111	1.370
44.1511	1.299
44.1911	1.224
44.2311	1.144
44.2711	1.059
44.3111	0.972
44.3511	0.883
44.3911	0.793
44.4311	0.704
44.4711	0.614
44.5111	0.526
44.5511	0.441
44.5911	0.360
44.6311	0.281
44.6711	0.206
44.7111	0.137
44.7511	0.071
44.7911	0.009
44.8311	-0.046
44.8711	-0.094
44.9111	-0.140
44.9511	-0.179
44.9911	-0.215
45.0311	-0.245
45.0711	-0.272
45.1111	-0.295
45.1511	-0.316
45.1911	-0.335
45.2311	-0.350
45.2711	-0.364
45.3111	-0.377
45.3511	-0.388
45.3911	-0.399
45.4311	-0.410
45.4711	-0.419
45.5111	-0.429
45.5511	-0.440
45.5911	-0.448
45.6311	-0.456
45.6711	-0.463
45.7111	-0.470
45.7511	-0.473
45.7911	-0.474
45.8311	-0.474
45.8711	-0.471
45.9111	-0.467
45.9511	-0.459
45.9911	-0.448
46.0311	-0.432
46.0711	-0.413
46.1111	-0.390
46.1511	-0.361
46.1911	-0.327
46.2311	-0.289
46.2711	-0.245
46.3111	-0.196
46.3511	-0.141
46.3911	-0.079
46.4311	-0.011
46.4711	0.061
46.5111	0.141
46.5511	0.225
46.5911	0.313
46.6311	0.404
46.6711	0.498
46.7111	0.594
46.7511	0.691
46.7911	0.787
46.8311	0.884
46.8711	0.979
46.9111	1.070
46.9511	1.158
46.9911	1.241
47.0311	1.319
47.0711	1.390
47.1111	1.455
47.1511	1.511
47.1911	1.558
47.2311	1.596
47.2711	1.626
47.3111	1.645
47.3511	1.654
47.3911	1.654
47.4311	1.645
47.4711	1.627
47.5111	1.602
47.5511	1.569
47.5911	1.530
47.6311	1.484
47.6711	1.431
47.7111	1.373
47.7511	1.310
47.7911	1.243
47.8311	1.170
47.8711	1.096
47.9111	1.019
47.9511	0.941
47.9911	0.861
48.0311	0.779
48.0711	0.699
48.1111	0.619
48.1511	0.540
48.1911	0.465
48.2311	0.390
48.2711	0.317
48.3111	0.248
48.3511	0.182
48.3911	0.119
48.4311	0.060
48.4711	0.003
48.5111	-0.049
48.5511	-0.099
48.5911	-0.145
48.6311	-0.187
48.6711	-0.226
48.7111	-0.262
48.7511	-0.297
48.7911	-0.327
48.8311	-0.355
48.8711	-0.380
48.9111	-0.404
48.9511	-0.424
48.9911	-0.441
49.0311	-0.457
49.0711	-0.471
49.1111	-0.482
49.1511	-0.490
49.1911	-0.496
49.2311	-0.500
49.2711	-0.501
49.3111	-0.501
49.3511	-0.501
49.3911	-0.500
49.4311	-0.496
49.4711	-0.492
49.5111	-0.487
49.5511	-0.478
49.5911	-0.465
49.6311	-0.449
49.6711	-0.429
49.7111	-0.404
49.7511	-0.375
49.7911	-0.341
49.8311	-0.300
49.8711	-0.253
49.9111	-0.201
49.9511	-0.141
49.9911	-0.077
50.0311	-0.006
50.0711	0.069
50.1111	0.151
50.1511	0.236
50.1911	0.325
50.2311	0.418
50.2711	0.512
50.3111	0.608
50.3511	0.705
50.3911	0.801
50.4311	0.895
50.4711	0.988
50.5111	1.078
50.5511	1.162
50.5911	1.243
50.6311	1.316
50.6711	1.384
50.7111	1.444
50.7511	1.497
50.7911	1.541
50.8311	1.577
50.8711	1.604
50.9111	1.623
50.9511	1.630
50.9911	1.630
51.0311	1.623
51.0711	1.607
51.1111	1.583
51.1511	1.552
51.1911	1.516
51.2311	1.472
51.2711	1.422
51.3111	1.367
51.3511	1.305
51.3911	1.241
51.4311	1.170
51.4711	1.096
51.5111	1.021
51.5511	0.941
51.5911	0.861
51.6311	0.778
51.6711	0.696
51.7111	0.613
51.7511	0.529
51.7911	0.449
51.8311	0.371
51.8711	0.294
51.9111	0.220
51.9511	0.149
51.9911	0.080
52.0311	0.017
52.0711	-0.042
52.1111	-0.099
52.1511	-0.151
52.1911	-0.198
52.2311	-0.240
52.2711	-0.278
52.3111	-0.313
52.3511	-0.344
52.3911	-0.371
52.4311	-0.394
52.4711	-0.415
52.5111	-0.432
52.5511	-0.446
52.5911	-0.459
52.6311	-0.468
52.6711	-0.476
52.7111	-0.482
52.7511	-0.487
52.7911	-0.490
52.8311	-0.490
52.8711	-0.490
52.9111	-0.490
52.9511	-0.487
52.9911	-0.484
53.0311	-0.481
53.0711	-0.474
53.1111	-0.467
53.1511	-0.457
53.1911	-0.445
53.2311	-0.427
53.2711	-0.408
53.3111	-0.383
53.3511	-0.353
53.3911	-0.319
53.4311	-0.280
53.4711	-0.234
53.5111	-0.182
53.5511	-0.126
53.5911	-0.063
53.6311	0.006
53.6711	0.079
53.7111	0.157
53.7511	0.239
53.7911	0.324
53.8311	0.412
53.8711	0.503
53.9111	0.594
53.9511	0.686
53.9911	0.779
54.0311	0.872
54.0711	0.963
54.1111	1.051
54.1511	1.136
54.1911	1.214
54.2311	1.288
54.2711	1.357
54.3111	1.418
54.3511	1.472
54.3911	1.519
54.4311	1.557
54.4711	1.587
54.5111	1.608
54.5511	1.621
54.5911	1.623
54.6311	1.618
54.6711	1.605
54.7111	1.585
54.7511	1.558
54.7911	1.525
54.8311	1.486
54.8711	1.440
54.9111	1.389
54.9511	1.332
54.9911	1.272
55.0311	1.206
55.0711	1.137
55.1111	1.067
55.1511	0.991
55.1911	0.914
55.2311	0.836
55.2711	0.757
55.3111	0.677
55.3511	0.597
55.3911	0.518
55.4311	0.441
55.4711	0.364
55.5111	0.291
55.5511	0.218
55.5911	0.149
55.6311	0.083
55.6711	0.020
55.7111	-0.039
55.7511	-0.094
55.7911	-0.146
55.8311	-0.193
55.8711	-0.236
55.9111	-0.273
55.9511	-0.309
55.9911	-0.341
56.0311	-0.368
56.0711	-0.393
56.1111	-0.415
56.1511	-0.432
56.1911	-0.448
56.2311	-0.462
56.2711	-0.473
56.3111	-0.481
56.3511	-0.487
56.3911	-0.492
56.4311	-0.495
56.4711	-0.496
56.5111	-0.496
56.5511	-0.495
56.5911	-0.493
56.6311	-0.490
56.6711	-0.485
56.7111	-0.479
56.7511	-0.471
56.7911	-0.460
56.8311	-0.446
56.8711	-0.429
56.9111	-0.408
56.9511	-0.383
56.9911	-0.353
57.0311	-0.320
57.0711	-0.281
57.1111	-0.236
57.1511	-0.185
57.1911	-0.129
57.2311	-0.068
57.2711	-0.002
57.3111	0.071
57.3511	0.148
57.3911	0.229
57.4311	0.314
57.4711	0.401
57.5111	0.490
57.5511	0.583
57.5911	0.675
57.6311	0.770
57.6711	0.862
57.7111	0.955
57.7511	1.045
57.7911	1.131
57.8311	1.213
57.8711	1.290
57.9111	1.360
57.9511	1.425
57.9911	1.481
58.0311	1.530
58.0711	1.571
58.1111	1.602
58.1511	1.624
58.1911	1.638
58.2311	1.641
58.2711	1.635
58.3111	1.623
58.3511	1.601
58.3911	1.572
58.4311	1.536
58.4711	1.494
58.5111	1.445
58.5511	1.390
58.5911	1.329
58.6311	1.263
58.6711	1.191
58.7111	1.117
58.7511	1.038
58.7911	0.957
58.8311	0.873
58.8711	0.789
58.9111	0.704
58.9511	0.617
58.9911	0.533
59.0311	0.449
59.0711	0.366
59.1111	0.287
59.1511	0.210
59.1911	0.137
59.2311	0.068
59.2711	0.002
59.3111	-0.060
59.3511	-0.118
59.3911	-0.170
59.4311	-0.218
59.4711	-0.261
59.5111	-0.300
59.5511	-0.335
59.5911	-0.366
59.6311	-0.393
59.6711	-0.416
59.7111	-0.435
59.7511	-0.452
59.7911	-0.465
59.8311	-0.476
59.8711	-0.484
59.9111	-0.489
59.9511	-0.492
59.9911	-0.493
60.0311	-0.493
60.0711	-0.493
60.1111	-0.493
60.1511	-0.492
60.1911	-0.490
60.2311	-0.489
60.2711	-0.484
60.3111	-0.479
60.3511	-0.471
60.3911	-0.460
60.4311	-0.446
60.4711	-0.427
60.5111	-0.405
60.5511	-0.379
60.5911	-0.346
60.6311	-0.308
60.6711	-0.264
60.7111	-0.215
60.7511	-0.162
60.7911	-0.101
60.8311	-0.035
60.8711	0.038
60.9111	0.115
60.9511	0.198
60.9911	0.284
61.0311	0.374
61.0711	0.467
61.1111	0.562
61.1511	0.661
61.1911	0.759
61.2311	0.858
61.2711	0.955
61.3111	1.049
61.3511	1.142
61.3911	1.230
61.4311	1.312
61.4711	1.389
61.5111	1.458
61.5511	1.519
61.5911	1.572
61.6311	1.616
61.6711	1.649
61.7111	1.673
61.7511	1.685
61.7911	1.687
61.8311	1.679
61.8711	1.662
61.9111	1.635
61.9511	1.599
61.9911	1.555
62.0311	1.503
62.0711	1.444
62.1111	1.376
62.1511	1.302
62.1911	1.224
62.2311	1.140
62.2711	1.052
62.3111	0.961
62.3511	0.869
62.3911	0.774
62.4311	0.680
62.4711	0.587
62.5111	0.495
62.5511	0.407
62.5911	0.320
62.6311	0.237
62.6711	0.160
62.7111	0.086
62.7511	0.019
62.7911	-0.044
62.8311	-0.101
62.8711	-0.151
62.9111	-0.196
62.9511	-0.236
62.9911	-0.270
63.0311	-0.298
63.0711	-0.324
63.1111	-0.344
63.1511	-0.361
63.1911	-0.374
63.2311	-0.385
63.2711	-0.394
63.3111	-0.401
63.3511	-0.407
63.3911	-0.412
63.4311	-0.416
63.4711	-0.421
63.5111	-0.424
63.5511	-0.427
63.5911	-0.430
63.6311	-0.432
63.6711	-0.434
63.7111	-0.435
63.7511	-0.435
63.7911	-0.435
63.8311	-0.435
63.8711	-0.434
63.9111	-0.430
63.9511	-0.426
63.9911	-0.416
64.0311	-0.404
64.0711	-0.386
64.1111	-0.364
64.1511	-0.336
64.1911	-0.302
64.2311	-0.261
64.2711	-0.214
64.3111	-0.160
64.3511	-0.099
64.3911	-0.031
64.4311	0.042
64.4711	0.123
64.5111	0.207
64.5511	0.298
64.5911	0.393
64.6311	0.490
64.6711	0.589
64.7111	0.691
64.7511	0.792
64.7911	0.892
64.8311	0.991
64.8711	1.087
64.9111	1.178
64.9511	1.264
64.9911	1.345
65.0311	1.417
65.0711	1.483
65.1111	1.538
65.1511	1.587
65.1911	1.624
65.2311	1.651
65.2711	1.668
65.3111	1.674
65.3511	1.671
65.3911	1.659
65.4311	1.638
65.4711	1.610
65.5111	1.574
65.5511	1.530
65.5911	1.480
65.6311	1.423
65.6711	1.362
65.7111	1.294
65.7511	1.222
65.7911	1.147
65.8311	1.068
65.8711	0.986
65.9111	0.905
65.9511	0.820
65.9911	0.737
66.0311	0.652
66.0711	0.570
66.1111	0.489
66.1511	0.410
66.1911	0.335
66.2311	0.262
66.2711	0.193
66.3111	0.127
66.3511	0.066
66.3911	0.008
66.4311	-0.046
66.4711	-0.096
66.5111	-0.141
66.5511	-0.182
66.5911	-0.220
66.6311	-0.254
66.6711	-0.286
66.7111	-0.314
66.7511	-0.339
66.7911	-0.361
66.8311	-0.382
66.8711	-0.401
66.9111	-0.418
66.9511	-0.432
66.9911	-0.445
67.0311	-0.456
67.0711	-0.465
67.1111	-0.474
67.1511	-0.479
67.1911	-0.484
67.2311	-0.487
67.2711	-0.487
67.3111	-0.487
67.3511	-0.484
67.3911	-0.481
67.4311	-0.476
67.4711	-0.470
67.5111	-0.460
67.5511	-0.448
67.5911	-0.430
67.6311	-0.412
67.6711	-0.386
67.7111	-0.358
67.7511	-0.324
67.7911	-0.284
67.8311	-0.240
67.8711	-0.190
67.9111	-0.134
67.9511	-0.072
67.9911	-0.005
68.0311	0.069
68.0711	0.146
68.1111	0.229
68.1511	0.314
68.1911	0.404
68.2311	0.493
68.2711	0.586
68.3111	0.680
68.3511	0.773
68.3911	0.864
68.4311	0.955
68.4711	1.043
68.5111	1.126
68.5511	1.206
68.5911	1.282
68.6311	1.349
68.6711	1.412
68.7111	1.467
68.7511	1.514
68.7911	1.554
68.8311	1.585
68.8711	1.608
68.9111	1.623
68.9511	1.627
68.9911	1.624
69.0311	1.613
69.0711	1.593
69.1111	1.566
69.1511	1.533
69.1911	1.492
69.2311	1.445
69.2711	1.392
69.3111	1.332
69.3511	1.268
69.3911	1.197
69.4311	1.123
69.4711	1.045
69.5111	0.963
69.5511	0.880
69.5911	0.793
69.6311	0.708
69.6711	0.620
69.7111	0.534
69.7511	0.449
69.7911	0.368
69.8311	0.286
69.8711	0.209
69.9111	0.135
69.9511	0.066
69.9911	0.000
70.0311	-0.060
70.0711	-0.116
70.1111	-0.167
70.1511	-0.212
70.1911	-0.253
70.2311	-0.289
70.2711	-0.320
70.3111	-0.347
70.3511	-0.371
70.3911	-0.390
70.4311	-0.405
70.4711	-0.419
70.5111	-0.430
70.5511	-0.440
70.5911	-0.446
70.6311	-0.452
70.6711	-0.457
70.7111	-0.460
70.7511	-0.463
70.7911	-0.465
70.8311	-0.465
70.8711	-0.465
70.9111	-0.465
70.9511	-0.463
70.9911	-0.462
71.0311	-0.459
71.0711	-0.454
71.1111	-0.448
71.1511	-0.440
71.1911	-0.427
71.2311	-0.412
71.2711	-0.393
71.3111	-0.368
71.3511	-0.338
71.3911	-0.302
71.4311	-0.259
71.4711	-0.210
71.5111	-0.157
71.5511	-0.096
71.5911	-0.030
71.6311	0.044
71.6711	0.121
71.7111	0.204
71.7511	0.292
71.7911	0.385
71.8311	0.479
71.8711	0.576
71.9111	0.674
71.9511	0.773
71.9911	0.870
72.0311	0.968
72.0711	1.062
72.1111	1.151
72.1511	1.236
72.1911	1.315
72.2311	1.387
72.2711	1.451
72.3111	1.508
72.3511	1.555
72.3911	1.594
72.4311	1.623
72.4711	1.641
72.5111	1.651
72.5511	1.651
72.5911	1.641
72.6311	1.624
72.6711	1.599
72.7111	1.568
72.7511	1.528
72.7911	1.483
72.8311	1.433
72.8711	1.374
72.9111	1.313
72.9511	1.246
72.9911	1.173
73.0311	1.100
73.0711	1.021
73.1111	0.941
73.1511	0.859
73.1911	0.776
73.2311	0.694
73.2711	0.613
73.3111	0.531
73.3511	0.452
73.3911	0.375
73.4311	0.302
73.4711	0.229
73.5111	0.162
73.5511	0.097
73.5911	0.038
73.6311	-0.017
73.6711	-0.069
73.7111	-0.118
73.7511	-0.162
73.7911	-0.201
73.8311	-0.237
73.8711	-0.270
73.9111	-0.300
73.9511	-0.325
73.9911	-0.349
74.0311	-0.369
74.0711	-0.388
74.1111	-0.405
74.1511	-0.421
74.1911	-0.435
74.2311	-0.448
74.2711	-0.459
74.3111	-0.470
74.3511	-0.478
74.3911	-0.485
74.4311	-0.490
74.4711	-0.493
74.5111	-0.495
74.5511	-0.493
74.5911	-0.490
74.6311	-0.485
74.6711	-0.479
74.7111	-0.468
74.7511	-0.456
74.7911	-0.438
74.8311	-0.418
74.8711	-0.391
74.9111	-0.361
74.9511	-0.327
74.9911	-0.286
75.0311	-0.239
75.0711	-0.187
75.1111	-0.129
75.1511	-0.064
75.1911	0.005
75.2311	0.080
75.2711	0.162
75.3111	0.247
75.3511	0.338
75.3911	0.430
75.4311	0.526
75.4711	0.624
75.5111	0.723
75.5511	0.820
75.5911	0.917
75.6311	1.013
75.6711	1.106
75.7111	1.195
75.7511	1.279
75.7911	1.357
75.8311	1.428
75.8711	1.492
75.9111	1.547
75.9511	1.594
75.9911	1.630
76.0311	1.659
76.0711	1.674
76.1111	1.681
76.1511	1.678
76.1911	1.665
76.2311	1.643
76.2711	1.612
76.3111	1.574
76.3511	1.527
76.3911	1.473
76.4311	1.414
76.4711	1.346
76.5111	1.274
76.5511	1.197
76.5911	1.115
76.6311	1.030
76.6711	0.942
76.7111	0.855
76.7511	0.763
76.7911	0.674
76.8311	0.584
76.8711	0.496
76.9111	0.410
76.9511	0.328
76.9911	0.248
77.0311	0.173
77.0711	0.101
77.1111	0.033
77.1511	-0.031
77.1911	-0.090
77.2311	-0.143
77.2711	-0.192
77.3111	-0.236
77.3511	-0.273
77.3911	-0.308
77.4311	-0.338
77.4711	-0.363
77.5111	-0.385
77.5511	-0.404
77.5911	-0.419
77.6311	-0.434
77.6711	-0.445
77.7111	-0.454
77.7511	-0.462
77.7911	-0.467
77.8311	-0.471
77.8711	-0.473
77.9111	-0.474
77.9511	-0.474
77.9911	-0.474
78.0311	-0.474
78.0711	-0.473
78.1111	-0.471
78.1511	-0.468
78.1911	-0.463
78.2311	-0.456
78.2711	-0.446
78.3111	-0.434
78.3511	-0.416
78.3911	-0.394
78.4311	-0.369
78.4711	-0.336
78.5111	-0.298
78.5511	-0.254
78.5911	-0.204
78.6311	-0.148
78.6711	-0.086
78.7111	-0.017
78.7511	0.057
78.7911	0.137
78.8311	0.220
78.8711	0.308
78.9111	0.399
78.9511	0.492
78.9911	0.587
79.0311	0.682
79.0711	0.778
79.1111	0.870
79.1511	0.963
79.1911	1.051
79.2311	1.136
79.2711	1.216
79.3111	1.290
79.3511	1.357
79.3911	1.418
79.4311	1.472
79.4711	1.519
79.5111	1.557
79.5511	1.587
79.5911	1.608
79.6311	1.621
79.6711	1.624
79.7111	1.619
79.7511	1.607
79.7911	1.588
79.8311	1.561
79.8711	1.528
79.9111	1.489
79.9511	1.444
79.9911	1.390
80.0311	1.332
80.0711	1.269
80.1111	1.200
80.1511	1.126
80.1911	1.048
80.2311	0.966
80.2711	0.883
80.3111	0.796
80.3511	0.708
80.3911	0.619
80.4311	0.531
80.4711	0.443
80.5111	0.357
80.5511	0.272
80.5911	0.190
80.6311	0.112
80.6711	0.036
80.7111	-0.033
80.7511	-0.099
80.7911	-0.159
80.8311	-0.212
80.8711	-0.261
80.9111	-0.305
80.9511	-0.342
80.9911	-0.375
81.0311	-0.402
81.0711	-0.424
81.1111	-0.443
81.1511	-0.457
81.1911	-0.467
81.2311	-0.474
81.2711	-0.478
81.3111	-0.479
81.3511	-0.479
81.3911	-0.479
81.4311	-0.478
81.4711	-0.478
81.5111	-0.478
81.5511	-0.476
81.5911	-0.476
81.6311	-0.476
81.6711	-0.474
81.7111	-0.471
81.7511	-0.467
81.7911	-0.460
81.8311	-0.451
81.8711	-0.438
81.9111	-0.423
81.9511	-0.402
81.9911	-0.377
82.0311	-0.347
82.0711	-0.311
82.1111	-0.270
82.1511	-0.225
82.1911	-0.171
82.2311	-0.113
82.2711	-0.049
82.3111	0.020
82.3511	0.094
82.3911	0.174
82.4311	0.258
82.4711	0.346
82.5111	0.435
82.5511	0.526
82.5911	0.620
82.6311	0.715
82.6711	0.807
82.7111	0.900
82.7511	0.990
82.7911	1.076
82.8311	1.159
82.8711	1.238
82.9111	1.308
82.9511	1.374
82.9911	1.434
83.0311	1.486
83.0711	1.530
83.1111	1.566
83.1511	1.594
83.1911	1.613
83.2311	1.623
83.2711	1.624
83.3111	1.616
83.3511	1.602
83.3911	1.580
83.4311	1.552
83.4711	1.516
83.5111	1.473
83.5511	1.425
83.5911	1.370
83.6311	1.310
83.6711	1.243
83.7111	1.170
83.7511	1.095
83.7911	1.013
83.8311	0.930
83.8711	0.842
83.9111	0.754
83.9511	0.664
83.9911	0.575
84.0311	0.485
84.0711	0.397
84.1111	0.313
84.1511	0.229
84.1911	0.149
84.2311	0.072
84.2711	0.000
84.3111	-0.068
84.3511	-0.130
84.3911	-0.187
84.4311	-0.239
84.4711	-0.286
84.5111	-0.327
84.5511	-0.361
84.5911	-0.393
84.6311	-0.418
84.6711	-0.438
84.7111	-0.454
84.7511	-0.465
84.7911	-0.474
84.8311	-0.479
84.8711	-0.481
84.9111	-0.481
84.9511	-0.481
84.9911	-0.479
85.0311	-0.479
85.0711	-0.478
85.1111	-0.478
85.1511	-0.478
85.1911	-0.476
85.2311	-0.474
85.2711	-0.471
85.3111	-0.467
85.3511	-0.460
85.3911	-0.452
85.4311	-0.441
85.4711	-0.426
85.5111	-0.405
85.5511	-0.382
85.5911	-0.352
85.6311	-0.316
85.6711	-0.273
85.7111	-0.225
85.7511	-0.170
85.7911	-0.108
85.8311	-0.039
85.8711	0.033
85.9111	0.113
85.9511	0.196
85.9911	0.284
86.0311	0.375
86.0711	0.470
86.1111	0.565
86.1511	0.661
86.1911	0.757
86.2311	0.851
86.2711	0.944
86.3111	1.035
86.3511	1.122
86.3911	1.203
86.4311	1.280
86.4711	1.351
86.5111	1.415
86.5511	1.473
86.5911	1.524
86.6311	1.566
86.6711	1.601
86.7111	1.626
86.7511	1.641
86.7911	1.648
86.8311	1.645
86.8711	1.632
86.9111	1.612
86.9511	1.583
86.9911	1.547
87.0311	1.503
87.0711	1.451
87.1111	1.392
87.1511	1.327
87.1911	1.253
87.2311	1.177
87.2711	1.092
87.3111	1.004
87.3511	0.913
87.3911	0.818
87.4311	0.721
87.4711	0.624
87.5111	0.526
87.5511	0.430
87.5911	0.336
87.6311	0.245
87.6711	0.157
87.7111	0.074
87.7511	-0.005
87.7911	-0.077
87.8311	-0.145
87.8711	-0.204
87.9111	-0.256
87.9511	-0.302
87.9911	-0.341
88.0311	-0.374
88.0711	-0.399
88.1111	-0.419
88.1511	-0.434
88.1911	-0.445
88.2311	-0.451
88.2711	-0.452
88.3111	-0.454
88.3511	-0.452
88.3911	-0.452
88.4311	-0.452
88.4711	-0.452
88.5111	-0.452
88.5511	-0.452
88.5911	-0.452
88.6311	-0.452
88.6711	-0.452
88.7111	-0.452
88.7511	-0.452
88.7911	-0.451
88.8311	-0.449
88.8711	-0.445
88.9111	-0.437
88.9511	-0.426
88.9911	-0.412
89.0311	-0.393
89.0711	-0.369
89.1111	-0.339
89.1511	-0.303
89.1911	-0.259
89.2311	-0.210
89.2711	-0.154
89.3111	-0.090
89.3511	-0.019
89.3911	0.058
89.4311	0.141
89.4711	0.229
89.5111	0.322
89.5511	0.418
89.5911	0.517
89.6311	0.616
89.6711	0.716
89.7111	0.815
89.7511	0.913
89.7911	1.007
89.8311	1.098
89.8711	1.184
89.9111	1.266
89.9511	1.341
89.9911	1.409
90.0311	1.472
90.0711	1.524
90.1111	1.569
90.1511	1.607
90.1911	1.634
90.2311	1.651
90.2711	1.657
90.3111	1.654
90.3511	1.641
90.3911	1.621
90.4311	1.594
90.4711	1.558
90.5111	1.514
90.5511	1.464
90.5911	1.406
90.6311	1.341
90.6711	1.271
90.7111	1.195
90.7511	1.114
90.7911	1.029
90.8311	0.941
90.8711	0.850
90.9111	0.757
90.9511	0.664
90.9911	0.570
91.0311	0.479
91.0711	0.388
91.1111	0.300
91.1511	0.214
91.1911	0.132
91.2311	0.055
91.2711	-0.019
91.3111	-0.086
91.3511	-0.148
91.3911	-0.204
91.4311	-0.253
91.4711	-0.297
91.5111	-0.336
91.5511	-0.369
91.5911	-0.396
91.6311	-0.419
91.6711	-0.437
91.7111	-0.449
91.7511	-0.459
91.7911	-0.463
91.8311	-0.465
91.8711	-0.465
91.9111	-0.465
91.9511	-0.465
91.9911	-0.465
92.0311	-0.465
92.0711	-0.465
92.1111	-0.465
92.1511	-0.465
92.1911	-0.463
92.2311	-0.463
92.2711	-0.462
92.3111	-0.459
92.3511	-0.452
92.3911	-0.445
92.4311	-0.434
92.4711	-0.418
92.5111	-0.399
92.5511	-0.374
92.5911	-0.344
92.6311	-0.306
92.6711	-0.264
92.7111	-0.215
92.7511	-0.159
92.7911	-0.096
92.8311	-0.028
92.8711	0.047
92.9111	0.127
92.9511	0.212
92.9911	0.302
93.0311	0.394
93.0711	0.490
93.1111	0.587
93.1511	0.686
93.1911	0.785
93.2311	0.883
93.2711	0.977
93.3111	1.070
93.3511	1.156
93.3911	1.238
93.4311	1.313
93.4711	1.384
93.5111	1.447
93.5511	1.502
93.5911	1.549
93.6311	1.587
93.6711	1.616
93.7111	1.637
93.7511	1.648
93.7911	1.649
93.8311	1.641
93.8711	1.626
93.9111	1.601
93.9511	1.569
93.9911	1.532
94.0311	1.486
94.0711	1.433
94.1111	1.374
94.1511	1.308
94.1911	1.238
94.2311	1.161
94.2711	1.081
94.3111	0.996
94.3511	0.908
94.3911	0.818
94.4311	0.727
94.4711	0.636
94.5111	0.543
94.5511	0.454
94.5911	0.366
94.6311	0.280
94.6711	0.196
94.7111	0.116
94.7511	0.039
94.7911	-0.031
94.8311	-0.097
94.8711	-0.159
94.9111	-0.214
94.9511	-0.262
94.9911	-0.306
95.0311	-0.346
95.0711	-0.377
95.1111	-0.405
95.1511	-0.427
95.1911	-0.445
95.2311	-0.459
95.2711	-0.468
95.3111	-0.474
95.3511	-0.478
95.3911	-0.478
95.4311	-0.478
95.4711	-0.478
95.5111	-0.478
95.5511	-0.478
95.5911	-0.478
95.6311	-0.478
95.6711	-0.476
95.7111	-0.474
95.7511	-0.473
95.7911	-0.468
95.8311	-0.460
95.8711	-0.452
95.9111	-0.438
95.9511	-0.423
95.9911	-0.401
96.0311	-0.374
96.0711	-0.342
96.1111	-0.305
96.1511	-0.261
96.1911	-0.212
96.2311	-0.156
96.2711	-0.093
96.3111	-0.024
96.3511	0.052
96.3911	0.132
96.4311	0.217
96.4711	0.306
96.5111	0.399
96.5511	0.493
96.5911	0.591
96.6311	0.690
96.6711	0.787
96.7111	0.884
96.7511	0.979
96.7911	1.070
96.8311	1.158
96.8711	1.238
96.9111	1.313
96.9511	1.382
96.9911	1.444
97.0311	1.497
97.0711	1.543
97.1111	1.580
97.1511	1.608
97.1911	1.627
97.2311	1.635
97.2711	1.637
97.3111	1.627
97.3511	1.612
97.3911	1.590
97.4311	1.558
97.4711	1.522
97.5111	1.478
97.5511	1.428
97.5911	1.371
97.6311	1.310
97.6711	1.241
97.7111	1.169
97.7511	1.093
97.7911	1.012
97.8311	0.928
97.8711	0.842
97.9111	0.754
97.9511	0.666
97.9911	0.578
98.0311	0.490
98.0711	0.404
98.1111	0.319
98.1511	0.237
98.1911	0.159
98.2311	0.082
98.2711	0.011
98.3111	-0.057
98.3511	-0.118
98.3911	-0.174
98.4311	-0.226
98.4711	-0.272
98.5111	-0.313
98.5511	-0.349
98.5911	-0.379
98.6311	-0.404
98.6711	-0.424
98.7111	-0.441
98.7511	-0.454
98.7911	-0.463
98.8311	-0.468
98.8711	-0.471
98.9111	-0.473
98.9511	-0.473
98.9911	-0.473
99.0311	-0.473
99.0711	-0.473
99.1111	-0.473
99.1511	-0.473
99.1911	-0.473
99.2311	-0.471
99.2711	-0.470
99.3111	-0.467
99.3511	-0.462
99.3911	-0.456
99.4311	-0.445
99.4711	-0.430
99.5111	-0.413
99.5511	-0.391
99.5911	-0.366
99.6311	-0.333
99.6711	-0.295
99.7111	-0.251
99.7511	-0.201
99.7911	-0.145
99.8311	-0.080
99.8711	-0.011
99.9111	0.064
99.9511	0.146
99.9911	0.231
100.0311	0.320
100.0711	0.413
100.1111	0.507
100.1511	0.603
100.1911	0.699
100.2311	0.795
100.2711	0.889
100.3111	0.980
100.3511	1.068
100.3911	1.153
100.4311	1.233
100.4711	1.307
100.5111	1.374
100.5511	1.436
100.5911	1.489
100.6311	1.535
100.6711	1.572
100.7111	1.601
100.7511	1.621
100.7911	1.630
100.8311	1.632
100.8711	1.624
100.9111	1.608
100.9511	1.587
100.9911	1.558
101.0311	1.521
101.0711	1.478
101.1111	1.428
101.1511	1.371
101.1911	1.308
101.2311	1.241
101.2711	1.167
101.3111	1.089
101.3511	1.007
101.3911	0.922
101.4311	0.836
101.4711	0.748
101.5111	0.658
101.5511	0.569
101.5911	0.479
101.6311	0.393
101.6711	0.306
101.7111	0.225
101.7511	0.146
101.7911	0.071
101.8311	-0.002
101.8711	-0.068
101.9111	-0.129
101.9511	-0.184
101.9911	-0.232
102.0311	-0.276
102.0711	-0.316
102.1111	-0.350
102.1511	-0.379
102.1911	-0.401
102.2311	-0.419
102.2711	-0.435
102.3111	-0.446
102.3511	-0.454
102.3911	-0.459
102.4311	-0.460
102.4711	-0.462
102.5111	-0.462
102.5511	-0.462
102.5911	-0.462
102.6311	-0.462
102.6711	-0.462
102.7111	-0.462
102.7511	-0.462
102.7911	-0.462
102.8311	-0.460
102.8711	-0.457
102.9111	-0.454
102.9511	-0.446
102.9911	-0.437
103.0311	-0.424
103.0711	-0.408
103.1111	-0.386
103.1511	-0.360
103.1911	-0.328
103.2311	-0.291
103.2711	-0.247
103.3111	-0.196
103.3511	-0.140
103.3911	-0.077
103.4311	-0.009
103.4711	0.064
103.5111	0.143
103.5511	0.226
103.5911	0.313
103.6311	0.402
103.6711	0.495
103.7111	0.589
103.7511	0.685
103.7911	0.779
103.8311	0.872
103.8711	0.963
103.9111	1.049
103.9511	1.131
103.9911	1.210
104.0311	1.282
104.0711	1.348
104.1111	1.407
104.1511	1.459
104.1911	1.505
104.2311	1.543
104.2711	1.572
104.3111	1.594
104.3511	1.607
104.3911	1.612
104.4311	1.607
104.4711	1.596
104.5111	1.579
104.5511	1.554
104.5911	1.522
104.6311	1.484
104.6711	1.440
104.7111	1.390
104.7511	1.332
104.7911	1.269
104.8311	1.202
104.8711	1.128
104.9111	1.049
104.9511	0.968
104.9911	0.881
105.0311	0.793
105.0711	0.704
105.1111	0.613
105.1511	0.522
105.1911	0.430
105.2311	0.341
105.2711	0.253
105.3111	0.168
105.3511	0.085
105.3911	0.008
105.4311	-0.068
105.4711	-0.135
105.5111	-0.199
105.5511	-0.256
105.5911	-0.308
105.6311	-0.353
105.6711	-0.393
105.7111	-0.426
105.7511	-0.454
105.7911	-0.474
105.8311	-0.490
105.8711	-0.501
105.9111	-0.507
105.9511	-0.509
105.9911	-0.509
106.0311	-0.506
106.0711	-0.503
106.1111	-0.500
106.1511	-0.496
106.1911	-0.493
106.2311	-0.490
106.2711	-0.487
106.3111	-0.484
106.3511	-0.479
106.3911	-0.474
106.4311	-0.468
106.4711	-0.460
106.5111	-0.451
106.5511	-0.438
106.5911	-0.421
106.6311	-0.401
106.6711	-0.375
106.7111	-0.346
106.7511	-0.309
106.7911	-0.265
106.8311	-0.217
106.8711	-0.162
106.9111	-0.101
106.9511	-0.033
106.9911	0.039
107.0311	0.118
107.0711	0.201
107.1111	0.289
107.1511	0.380
107.1911	0.474
107.2311	0.570
107.2711	0.669
107.3111	0.768
107.3511	0.866
107.3911	0.961
107.4311	1.054
107.4711	1.144
107.5111	1.227
107.5511	1.304
107.5911	1.374
107.6311	1.439
107.6711	1.495
107.7111	1.544
107.7511	1.583
107.7911	1.615
107.8311	1.635
107.8711	1.648
107.9111	1.649
107.9511	1.643
107.9911	1.627
108.0311	1.605
108.0711	1.574
108.1111	1.536
108.1511	1.492
108.1911	1.440
108.2311	1.382
108.2711	1.318
108.3111	1.249
108.3511	1.173
108.3911	1.093
108.4311	1.010
108.4711	0.924
108.5111	0.834
108.5511	0.743
108.5911	0.652
108.6311	0.561
108.6711	0.471
108.7111	0.382
108.7511	0.295
108.7911	0.212
108.8311	0.134
108.8711	0.058
108.9111	-0.013
108.9511	-0.077
108.9911	-0.137
109.0311	-0.190
109.0711	-0.237
109.1111	-0.278
109.1511	-0.314
109.1911	-0.344
109.2311	-0.369
109.2711	-0.390
109.3111	-0.407
109.3511	-0.418
109.3911	-0.427
109.4311	-0.434
109.4711	-0.437
109.5111	-0.438
109.5511	-0.440
109.5911	-0.440
109.6311	-0.440
109.6711	-0.440
109.7111	-0.440
109.7511	-0.440
109.7911	-0.440
109.8311	-0.440
109.8711	-0.440
109.9111	-0.440
109.9511	-0.440
109.9911	-0.438
110.0311	-0.435
110.0711	-0.430
110.1111	-0.421
110.1511	-0.410
110.1911	-0.394
110.2311	-0.372
110.2711	-0.347
110.3111	-0.314
110.3511	-0.275
110.3911	-0.229
110.4311	-0.178
110.4711	-0.119
110.5111	-0.053
110.5511	0.017
110.5911	0.094
110.6311	0.176
110.6711	0.262
110.7111	0.353
110.7511	0.448
110.7911	0.545
110.8311	0.644
110.8711	0.741
110.9111	0.839
110.9511	0.935
110.9911	1.027
111.0311	1.117
111.0711	1.200
111.1111	1.279
111.1511	1.349
111.1911	1.415
111.2311	1.472
111.2711	1.522
111.3111	1.563
111.3511	1.596
111.3911	1.619
111.4311	1.634
111.4711	1.638
111.5111	1.634
111.5511	1.621
111.5911	1.602
111.6311	1.576
111.6711	1.543
111.7111	1.502
111.7511	1.456
111.7911	1.403
111.8311	1.345
111.8711	1.280
111.9111	1.213
111.9511	1.139
111.9911	1.062
112.0311	0.982
112.0711	0.898
112.1111	0.814
112.1511	0.727
112.1911	0.641
112.2311	0.554
112.2711	0.470
112.3111	0.385
112.3511	0.303
112.3911	0.225
112.4311	0.149
112.4711	0.075
112.5111	0.008
112.5511	-0.057
112.5911	-0.116
112.6311	-0.170
112.6711	-0.218
112.7111	-0.261
112.7511	-0.300
112.7911	-0.333
112.8311	-0.361
112.8711	-0.385
112.9111	-0.404
112.9511	-0.419
112.9911	-0.432
113.0311	-0.440
113.0711	-0.445
113.1111	-0.448
113.1511	-0.448
113.1911	-0.448
113.2311	-0.448
113.2711	-0.448
113.3111	-0.448
113.3511	-0.448
113.3911	-0.448
113.4311	-0.448
113.4711	-0.448
113.5111	-0.448
113.5511	-0.448
113.5911	-0.445
113.6311	-0.440
113.6711	-0.434
113.7111	-0.423
113.7511	-0.408
113.7911	-0.390
113.8311	-0.364
113.8711	-0.335
113.9111	-0.298
113.9511	-0.256
113.9911	-0.206
114.0311	-0.151
114.0711	-0.088
114.1111	-0.020
114.1511	0.053
114.1911	0.134
114.2311	0.220
114.2711	0.309
114.3111	0.402
114.3511	0.500
114.3911	0.597
114.4311	0.696
114.4711	0.793
114.5111	0.891
114.5511	0.985
114.5911	1.076
114.6311	1.162
114.6711	1.244
114.7111	1.319
114.7511	1.387
114.7911	1.450
114.8311	1.503
114.8711	1.550
114.9111	1.588
114.9511	1.616
114.9911	1.635
115.0311	1.643
115.0711	1.643
115.1111	1.634
115.1511	1.616
115.1911	1.593
115.2311	1.561
115.2711	1.522
115.3111	1.475
115.3511	1.423
115.3911	1.362
115.4311	1.297
115.4711	1.225
115.5111	1.150
115.5511	1.068
115.5911	0.983
115.6311	0.897
115.6711	0.809
115.7111	0.718
115.7511	0.628
115.7911	0.537
115.8311	0.449
115.8711	0.363
115.9111	0.280
115.9511	0.198
115.9911	0.121
116.0311	0.049
116.0711	-0.019
116.1111	-0.082
116.1511	-0.138
116.1911	-0.190
116.2311	-0.237
116.2711	-0.276
116.3111	-0.313
116.3511	-0.344
116.3911	-0.369
116.4311	-0.391
116.4711	-0.410
116.5111	-0.424
116.5511	-0.435
116.5911	-0.445
116.6311	-0.452
116.6711	-0.457
116.7111	-0.462
116.7511	-0.463
116.7911	-0.465
116.8311	-0.465
116.8711	-0.465
116.9111	-0.465
116.9511	-0.465
116.9911	-0.465
117.0311	-0.463
117.0711	-0.462
117.1111	-0.459
117.1511	-0.452
117.1911	-0.445
117.2311	-0.434
117.2711	-0.418
117.3111	-0.399
117.3511	-0.374
117.3911	-0.342
117.4311	-0.306
117.4711	-0.262
117.5111	-0.212
117.5511	-0.156
117.5911	-0.093
117.6311	-0.022
117.6711	0.053
117.7111	0.135
117.7511	0.220
117.7911	0.311
117.8311	0.404
117.8711	0.500
117.9111	0.597
117.9511	0.696
117.9911	0.793
118.0311	0.889
118.0711	0.983
118.1111	1.074
118.1511	1.162
118.1911	1.244
118.2311	1.319
118.2711	1.387
118.3111	1.447
118.3511	1.497
118.3911	1.538
118.4311	1.569
118.4711	1.591
118.5111	1.602
118.5511	1.604
118.5911	1.596
118.6311	1.583
118.6711	1.566
118.7111	1.543
118.7511	1.514
118.7911	1.483
118.8311	1.445
118.8711	1.404
118.9111	1.359
118.9511	1.310
118.9911	1.257
119.0311	1.200
119.0711	1.139
119.1111	1.073
119.1511	1.004
119.1911	0.931
119.2311	0.856
119.2711	0.778
119.3111	0.697
119.3511	0.614
119.3911	0.531
119.4311	0.448
119.4711	0.364
119.5111	0.281
119.5511	0.199
119.5911	0.121
119.6311	0.044
119.6711	-0.030
119.7111	-0.101
119.7511	-0.167
119.7911	-0.228
119.8311	-0.283
119.8711	-0.333
119.9111	-0.377
119.9511	-0.416
119.9911	-0.449
120.0311	-0.476
120.0711	-0.496
120.1111	-0.512
120.1511	-0.523
120.1911	-0.528
120.2311	-0.529
120.2711	-0.529
120.3111	-0.526
120.3511	-0.522
120.3911	-0.518
120.4311	-0.512
120.4711	-0.507
120.5111	-0.501
120.5511	-0.493
120.5911	-0.485
120.6311	-0.474
120.6711	-0.463
120.7111	-0.449
120.7511	-0.432
120.7911	-0.412
120.8311	-0.388
120.8711	-0.360
120.9111	-0.325
120.9511	-0.287
120.9911	-0.243
121.0311	-0.193
121.0711	-0.138
121.1111	-0.077
121.1511	-0.011
121.1911	0.061
121.2311	0.138
121.2711	0.218
121.3111	0.303
121.3511	0.391
121.3911	0.481
121.4311	0.572
121.4711	0.666
121.5111	0.759
121.5511	0.851
121.5911	0.942
121.6311	1.032
121.6711	1.117
121.7111	1.197
121.7511	1.272
121.7911	1.341
121.8311	1.404
121.8711	1.459
121.9111	1.508
121.9511	1.547
121.9911	1.579
122.0311	1.602
122.0711	1.615
122.1111	1.619
122.1511	1.616
122.1911	1.605
122.2311	1.587
122.2711	1.561
122.3111	1.530
122.3511	1.494
122.3911	1.450
122.4311	1.400
122.4711	1.343
122.5111	1.282
122.5511	1.214
122.5911	1.142
122.6311	1.067
122.6711	0.988
122.7111	0.906
122.7511	0.822
122.7911	0.735
122.8311	0.649
122.8711	0.564
122.9111	0.478
122.9511	0.394
122.9911	0.313
123.0311	0.232
123.0711	0.157
123.1111	0.083
123.1511	0.014
123.1911	-0.050
123.2311	-0.110
123.2711	-0.165
123.3111	-0.215
123.3511	-0.261
123.3911	-0.302
123.4311	-0.336
123.4711	-0.366
123.5111	-0.391
123.5511	-0.410
123.5911	-0.426
123.6311	-0.438
123.6711	-0.446
123.7111	-0.451
123.7511	-0.452
123.7911	-0.452
123.8311	-0.452
123.8711	-0.452
123.9111	-0.452
123.9511	-0.452
123.9911	-0.452
124.0311	-0.452
124.0711	-0.452
124.1111	-0.452
124.1511	-0.452
124.1911	-0.451
124.2311	-0.446
124.2711	-0.441
124.3111	-0.434
124.3511	-0.423
124.3911	-0.407
124.4311	-0.388
124.4711	-0.363
124.5111	-0.333
124.5511	-0.295
124.5911	-0.251
124.6311	-0.203
124.6711	-0.146
124.7111	-0.083
124.7511	-0.013
124.7911	0.063
124.8311	0.145
124.8711	0.231
124.9111	0.322
124.9511	0.415
124.9911	0.512
125.0311	0.609
125.0711	0.708
125.1111	0.807
125.1511	0.905
125.1911	0.999
125.2311	1.090
125.2711	1.177
125.3111	1.257
125.3511	1.330
125.3911	1.398
125.4311	1.456
125.4711	1.506
125.5111	1.549
125.5511	1.582
125.5911	1.605
125.6311	1.619
125.6711	1.624
125.7111	1.621
125.7511	1.608
125.7911	1.591
125.8311	1.568
125.8711	1.536
125.9111	1.500
125.9511	1.458
125.9911	1.409
126.0311	1.354
126.0711	1.294
126.1111	1.228
126.1511	1.159
126.1911	1.084
126.2311	1.005
126.2711	0.925
126.3111	0.840
126.3511	0.754
126.3911	0.668
126.4311	0.580
126.4711	0.492
126.5111	0.405
126.5511	0.320
126.5911	0.239
126.6311	0.159
126.6711	0.082
126.7111	0.009
126.7511	-0.058
126.7911	-0.121
126.8311	-0.181
126.8711	-0.232
126.9111	-0.280
126.9511	-0.322
126.9911	-0.360
127.0311	-0.391
127.0711	-0.418
127.1111	-0.441
127.1511	-0.460
127.1911	-0.474
127.2311	-0.485
127.2711	-0.493
127.3111	-0.498
127.3511	-0.500
127.3911	-0.500
127.4311	-0.500
127.4711	-0.498
127.5111	-0.496
127.5511	-0.495
127.5911	-0.493
127.6311	-0.492
127.6711	-0.489
127.7111	-0.482
127.7511	-0.476
127.7911	-0.465
127.8311	-0.452
127.8711	-0.435
127.9111	-0.415
127.9511	-0.388
127.9911	-0.357
128.0311	-0.319
128.0711	-0.275
128.1111	-0.225
128.1511	-0.168
128.1911	-0.107
128.2311	-0.038
128.2711	0.036
128.3111	0.115
128.3511	0.199
128.3911	0.286
128.4311	0.377
128.4711	0.470
128.5111	0.564
128.5511	0.658
128.5911	0.754
128.6311	0.847
128.6711	0.939
128.7111	1.027
128.7511	1.111
128.7911	1.188
128.8311	1.260
128.8711	1.324
128.9111	1.382
128.9511	1.434
128.9911	1.478
129.0311	1.516
129.0711	1.544
129.1111	1.565
129.1511	1.577
129.1911	1.582
129.2311	1.579
129.2711	1.569
129.3111	1.555
129.3511	1.535
129.3911	1.508
129.4311	1.477
129.4711	1.439
129.5111	1.396
129.5511	1.346
