Posizione angolare, Oscillazioni forzate 2.20 V
Tempo ( s )	Posizione angolare ( rad )
0,0409	0,168
0,0809	0,231
0,1209	0,302
0,1609	0,382
0,2009	0,470
0,2409	0,565
0,2809	0,668
0,3209	0,776
0,3609	0,889
0,4009	1,005
0,4409	1,122
0,4809	1,238
0,5209	1,354
0,5609	1,466
0,6009	1,574
0,6409	1,674
0,6809	1,767
0,7209	1,850
0,7609	1,923
0,8009	1,984
0,8409	2,031
0,8809	2,066
0,9209	2,084
0,9609	2,089
1,0009	2,080
1,0409	2,056
1,0809	2,022
1,1209	1,976
1,1609	1,920
1,2009	1,852
1,2409	1,775
1,2809	1,690
1,3209	1,598
1,3609	1,499
1,4009	1,395
1,4409	1,286
1,4809	1,177
1,5209	1,067
1,5609	0,955
1,6009	0,847
1,6409	0,740
1,6809	0,638
1,7209	0,540
1,7609	0,451
1,8009	0,366
1,8409	0,291
1,8809	0,221
1,9209	0,162
1,9609	0,110
2,0009	0,066
2,0409	0,031
2,0809	0,002
2,1209	-0,019
2,1609	-0,035
2,2009	-0,046
2,2409	-0,052
2,2809	-0,053
2,3209	-0,053
2,3609	-0,053
2,4009	-0,053
2,4409	-0,055
2,4809	-0,057
2,5209	-0,060
2,5609	-0,064
2,6009	-0,071
2,6409	-0,079
2,6809	-0,088
2,7209	-0,097
2,7609	-0,107
2,8009	-0,115
2,8409	-0,121
2,8809	-0,126
2,9209	-0,127
2,9609	-0,124
3,0009	-0,118
3,0409	-0,107
3,0809	-0,090
3,1209	-0,069
3,1609	-0,046
3,2009	-0,016
3,2409	0,019
3,2809	0,061
3,3209	0,108
3,3609	0,165
3,4009	0,229
3,4409	0,303
3,4809	0,385
3,5209	0,476
3,5609	0,572
3,6009	0,675
3,6409	0,784
3,6809	0,895
3,7209	1,008
3,7609	1,123
3,8009	1,236
3,8409	1,348
3,8809	1,456
3,9209	1,560
3,9609	1,656
4,0009	1,745
4,0409	1,824
4,0809	1,893
4,1209	1,949
4,1609	1,993
4,2009	2,023
4,2409	2,040
4,2809	2,042
4,3209	2,031
4,3609	2,009
4,4009	1,976
4,4409	1,934
4,4809	1,882
4,5209	1,822
4,5609	1,751
4,6009	1,676
4,6409	1,591
4,6809	1,503
4,7209	1,409
4,7609	1,312
4,8009	1,211
4,8409	1,111
4,8809	1,008
4,9209	0,908
4,9609	0,807
5,0009	0,712
5,0409	0,617
5,0809	0,529
5,1209	0,445
5,1609	0,368
5,2009	0,297
5,2409	0,232
5,2809	0,174
5,3209	0,124
5,3609	0,080
5,4009	0,042
5,4409	0,011
5,4809	-0,016
5,5209	-0,036
5,5609	-0,053
5,6009	-0,068
5,6409	-0,079
5,6809	-0,086
5,7209	-0,093
5,7609	-0,099
5,8009	-0,104
5,8409	-0,108
5,8809	-0,112
5,9209	-0,116
5,9609	-0,121
6,0009	-0,124
6,0409	-0,127
6,0809	-0,129
6,1209	-0,130
6,1609	-0,129
6,2009	-0,126
6,2409	-0,121
6,2809	-0,113
6,3209	-0,104
6,3609	-0,093
6,4009	-0,079
6,4409	-0,061
6,4809	-0,041
6,5209	-0,014
6,5609	0,017
6,6009	0,057
6,6409	0,102
6,6809	0,157
6,7209	0,220
6,7609	0,294
6,8009	0,375
6,8409	0,468
6,8809	0,567
6,9209	0,675
6,9609	0,789
7,0009	0,906
7,0409	1,027
7,0809	1,150
7,1209	1,272
7,1609	1,393
7,2009	1,510
7,2409	1,621
7,2809	1,726
7,3209	1,821
7,3609	1,905
7,4009	1,978
7,4409	2,037
7,4809	2,081
7,5209	2,110
7,5609	2,122
7,6009	2,119
7,6409	2,100
7,6809	2,069
7,7209	2,029
7,7609	1,978
7,8009	1,915
7,8409	1,841
7,8809	1,758
7,9209	1,663
7,9609	1,563
8,0009	1,455
8,0409	1,341
8,0809	1,224
8,1209	1,104
8,1609	0,985
8,2009	0,867
8,2409	0,749
8,2809	0,638
8,3209	0,529
8,3609	0,429
8,4009	0,336
8,4409	0,253
8,4809	0,178
8,5209	0,112
8,5609	0,057
8,6009	0,009
8,6409	-0,027
8,6809	-0,057
8,7209	-0,077
8,7609	-0,091
8,8009	-0,097
8,8409	-0,099
8,8809	-0,099
8,9209	-0,094
8,9609	-0,090
9,0009	-0,086
9,0409	-0,083
9,0809	-0,083
9,1209	-0,085
9,1609	-0,088
9,2009	-0,093
9,2409	-0,097
9,2809	-0,102
9,3209	-0,105
9,3609	-0,107
9,4009	-0,108
9,4409	-0,107
9,4809	-0,105
9,5209	-0,101
9,5609	-0,094
9,6009	-0,085
9,6409	-0,074
9,6809	-0,063
9,7209	-0,052
9,7609	-0,041
9,8009	-0,028
9,8409	-0,011
9,8809	0,013
9,9209	0,044
9,9609	0,088
10,0009	0,143
10,0409	0,212
10,0809	0,295
10,1209	0,391
10,1609	0,500
10,2009	0,619
10,2409	0,746
10,2809	0,883
10,3209	1,023
10,3609	1,167
10,4009	1,312
10,4409	1,455
10,4809	1,593
10,5209	1,723
10,5609	1,846
10,6009	1,957
10,6409	2,053
10,6809	2,133
10,7209	2,198
10,7609	2,242
10,8009	2,265
10,8409	2,270
10,8809	2,254
10,9209	2,220
10,9609	2,169
11,0009	2,102
11,0409	2,020
11,0809	1,924
11,1209	1,816
11,1609	1,696
11,2009	1,569
11,2409	1,436
11,2809	1,296
11,3209	1,155
11,3609	1,013
11,4009	0,873
11,4409	0,737
11,4809	0,606
11,5209	0,484
11,5609	0,371
11,6009	0,270
11,6409	0,179
11,6809	0,102
11,7209	0,038
11,7609	-0,014
11,8009	-0,053
11,8409	-0,079
11,8809	-0,094
11,9209	-0,097
11,9609	-0,094
12,0009	-0,085
12,0409	-0,072
12,0809	-0,060
12,1209	-0,050
12,1609	-0,044
12,2009	-0,042
12,2409	-0,044
12,2809	-0,047
12,3209	-0,053
12,3609	-0,060
12,4009	-0,068
12,4409	-0,077
12,4809	-0,086
12,5209	-0,096
12,5609	-0,104
12,6009	-0,112
12,6409	-0,118
12,6809	-0,121
12,7209	-0,121
12,7609	-0,118
12,8009	-0,112
12,8409	-0,101
12,8809	-0,085
12,9209	-0,066
12,9609	-0,042
13,0009	-0,014
13,0409	0,022
13,0809	0,064
13,1209	0,115
13,1609	0,174
13,2009	0,243
13,2409	0,320
13,2809	0,405
13,3209	0,500
13,3609	0,600
13,4009	0,707
13,4409	0,817
13,4809	0,931
13,5209	1,048
13,5609	1,164
13,6009	1,280
13,6409	1,393
13,6809	1,503
13,7209	1,608
13,7609	1,706
13,8009	1,795
13,8409	1,876
13,8809	1,945
13,9209	2,000
13,9609	2,044
14,0009	2,072
14,0409	2,088
14,0809	2,086
14,1209	2,072
14,1609	2,045
14,2009	2,006
14,2409	1,956
14,2809	1,893
14,3209	1,819
14,3609	1,736
14,4009	1,645
14,4409	1,544
14,4809	1,439
14,5209	1,329
14,5609	1,214
14,6009	1,098
14,6409	0,982
14,6809	0,866
14,7209	0,751
14,7609	0,639
14,8009	0,534
14,8409	0,434
14,8809	0,341
14,9209	0,256
14,9609	0,179
15,0009	0,112
15,0409	0,053
15,0809	0,005
15,1209	-0,036
15,1609	-0,068
15,2009	-0,091
15,2409	-0,105
15,2809	-0,115
15,3209	-0,116
15,3609	-0,113
15,4009	-0,108
15,4409	-0,104
15,4809	-0,099
15,5209	-0,096
15,5609	-0,093
15,6009	-0,093
15,6409	-0,094
15,6809	-0,097
15,7209	-0,101
15,7609	-0,107
15,8009	-0,112
15,8409	-0,116
15,8809	-0,119
15,9209	-0,121
15,9609	-0,119
16,0009	-0,115
16,0409	-0,107
16,0809	-0,093
16,1209	-0,075
16,1609	-0,055
16,2009	-0,028
16,2409	0,005
16,2809	0,044
16,3209	0,091
16,3609	0,148
16,4009	0,210
16,4409	0,283
16,4809	0,364
16,5209	0,452
16,5609	0,548
16,6009	0,650
16,6409	0,757
16,6809	0,869
16,7209	0,982
16,7609	1,096
16,8009	1,211
16,8409	1,324
16,8809	1,434
16,9209	1,541
16,9609	1,640
17,0009	1,733
17,0409	1,816
17,0809	1,890
17,1209	1,951
17,1609	2,003
17,2009	2,039
17,2409	2,062
17,2809	2,073
17,3209	2,069
17,3609	2,053
17,4009	2,023
17,4409	1,982
17,4809	1,931
17,5209	1,868
17,5609	1,795
17,6009	1,712
17,6409	1,623
17,6809	1,525
17,7209	1,422
17,7609	1,313
17,8009	1,202
17,8409	1,087
17,8809	0,972
17,9209	0,859
17,9609	0,746
18,0009	0,638
18,0409	0,533
18,0809	0,434
18,1209	0,342
18,1609	0,258
18,2009	0,182
18,2409	0,115
18,2809	0,058
18,3209	0,008
18,3609	-0,031
18,4009	-0,063
18,4409	-0,088
18,4809	-0,104
18,5209	-0,113
18,5609	-0,116
18,6009	-0,115
18,6409	-0,112
18,6809	-0,108
18,7209	-0,104
18,7609	-0,101
18,8009	-0,101
18,8409	-0,101
18,8809	-0,102
18,9209	-0,104
18,9609	-0,108
19,0009	-0,113
19,0409	-0,116
19,0809	-0,121
19,1209	-0,123
19,1609	-0,121
19,2009	-0,118
19,2409	-0,112
19,2809	-0,102
19,3209	-0,088
19,3609	-0,071
19,4009	-0,050
19,4409	-0,025
19,4809	0,006
19,5209	0,044
19,5609	0,090
19,6009	0,143
19,6409	0,206
19,6809	0,278
19,7209	0,358
19,7609	0,448
19,8009	0,543
19,8409	0,647
19,8809	0,756
19,9209	0,869
19,9609	0,983
20,0009	1,101
20,0409	1,217
20,0809	1,334
20,1209	1,447
20,1609	1,555
20,2009	1,657
20,2409	1,751
20,2809	1,838
20,3209	1,912
20,3609	1,976
20,4009	2,026
20,4409	2,062
20,4809	2,086
20,5209	2,094
20,5609	2,088
20,6009	2,069
20,6409	2,036
20,6809	1,990
20,7209	1,934
20,7609	1,866
20,8009	1,789
20,8409	1,701
20,8809	1,605
20,9209	1,503
20,9609	1,395
21,0009	1,283
21,0409	1,167
21,0809	1,051
21,1209	0,933
21,1609	0,818
21,2009	0,705
21,2409	0,595
21,2809	0,492
21,3209	0,394
21,3609	0,305
21,4009	0,223
21,4409	0,149
21,4809	0,086
21,5209	0,031
21,5609	-0,014
21,6009	-0,052
21,6409	-0,080
21,6809	-0,102
21,7209	-0,116
21,7609	-0,126
21,8009	-0,129
21,8409	-0,129
21,8809	-0,126
21,9209	-0,121
21,9609	-0,118
22,0009	-0,113
22,0409	-0,110
22,0809	-0,107
22,1209	-0,107
22,1609	-0,108
22,2009	-0,110
22,2409	-0,112
22,2809	-0,115
22,3209	-0,116
22,3609	-0,118
22,4009	-0,116
22,4409	-0,113
22,4809	-0,107
22,5209	-0,096
22,5609	-0,080
22,6009	-0,061
22,6409	-0,036
22,6809	-0,008
22,7209	0,027
22,7609	0,066
22,8009	0,113
22,8409	0,170
22,8809	0,236
22,9209	0,309
22,9609	0,391
23,0009	0,484
23,0409	0,581
23,0809	0,688
23,1209	0,798
23,1609	0,914
23,2009	1,032
23,2409	1,151
23,2809	1,271
23,3209	1,390
23,3609	1,505
23,4009	1,615
23,4409	1,718
23,4809	1,813
23,5209	1,898
23,5609	1,973
23,6009	2,034
23,6409	2,080
23,6809	2,113
23,7209	2,128
23,7609	2,130
23,8009	2,114
23,8409	2,086
23,8809	2,042
23,9209	1,985
23,9609	1,916
24,0009	1,835
24,0409	1,742
24,0809	1,640
24,1209	1,530
24,1609	1,412
24,2009	1,290
24,2409	1,164
24,2809	1,037
24,3209	0,909
24,3609	0,782
24,4009	0,660
24,4409	0,542
24,4809	0,430
24,5209	0,327
24,5609	0,234
24,6009	0,149
24,6409	0,077
24,6809	0,014
24,7209	-0,036
24,7609	-0,077
24,8009	-0,107
24,8409	-0,126
24,8809	-0,135
24,9209	-0,137
24,9609	-0,134
25,0009	-0,124
25,0409	-0,113
25,0809	-0,104
25,1209	-0,096
25,1609	-0,093
25,2009	-0,093
25,2409	-0,096
25,2809	-0,101
25,3209	-0,105
25,3609	-0,112
25,4009	-0,116
25,4409	-0,123
25,4809	-0,126
25,5209	-0,129
25,5609	-0,129
25,6009	-0,127
25,6409	-0,121
25,6809	-0,113
25,7209	-0,101
25,7609	-0,085
25,8009	-0,068
25,8409	-0,047
25,8809	-0,024
25,9209	0,005
25,9609	0,041
26,0009	0,083
26,0409	0,135
26,0809	0,196
26,1209	0,265
26,1609	0,346
26,2009	0,434
26,2409	0,529
26,2809	0,633
26,3209	0,743
26,3609	0,856
26,4009	0,974
26,4409	1,093
26,4809	1,213
26,5209	1,332
26,5609	1,447
26,6009	1,558
26,6409	1,663
26,6809	1,761
26,7209	1,849
26,7609	1,924
26,8009	1,990
26,8409	2,042
26,8809	2,080
26,9209	2,102
26,9609	2,110
27,0009	2,102
27,0409	2,081
27,0809	2,047
27,1209	2,001
27,1609	1,942
27,2009	1,872
27,2409	1,792
27,2809	1,703
27,3209	1,604
27,3609	1,500
27,4009	1,390
27,4409	1,275
27,4809	1,159
27,5209	1,041
27,5609	0,924
27,6009	0,809
27,6409	0,697
27,6809	0,591
27,7209	0,490
27,7609	0,396
27,8009	0,309
27,8409	0,232
27,8809	0,165
27,9209	0,105
27,9609	0,057
28,0009	0,016
28,0409	-0,017
28,0809	-0,042
28,1209	-0,060
28,1609	-0,069
28,2009	-0,074
28,2409	-0,072
28,2809	-0,071
28,3209	-0,066
28,3609	-0,063
28,4009	-0,061
28,4409	-0,061
28,4809	-0,063
28,5209	-0,066
28,5609	-0,071
28,6009	-0,079
28,6409	-0,085
28,6809	-0,091
28,7209	-0,097
28,7609	-0,101
28,8009	-0,102
28,8409	-0,101
28,8809	-0,099
28,9209	-0,094
28,9609	-0,086
29,0009	-0,074
29,0409	-0,058
29,0809	-0,041
29,1209	-0,019
29,1609	0,006
29,2009	0,036
29,2409	0,074
29,2809	0,118
29,3209	0,173
29,3609	0,236
29,4009	0,308
29,4409	0,391
29,4809	0,482
29,5209	0,581
29,5609	0,686
29,6009	0,798
29,6409	0,914
29,6809	1,034
29,7209	1,153
29,7609	1,274
29,8009	1,392
29,8409	1,506
29,8809	1,616
29,9209	1,718
29,9609	1,813
30,0009	1,896
30,0409	1,968
30,0809	2,028
30,1209	2,073
30,1609	2,105
30,2009	2,121
30,2409	2,121
30,2809	2,105
30,3209	2,077
30,3609	2,034
30,4009	1,979
30,4409	1,910
30,4809	1,832
30,5209	1,740
30,5609	1,640
30,6009	1,532
30,6409	1,415
30,6809	1,294
30,7209	1,170
30,7609	1,041
30,8009	0,914
30,8409	0,787
30,8809	0,663
30,9209	0,543
30,9609	0,430
31,0009	0,324
31,0409	0,226
31,0809	0,138
31,1209	0,061
31,1609	-0,006
31,2009	-0,063
31,2409	-0,108
31,2809	-0,143
31,3209	-0,170
31,3609	-0,185
31,4009	-0,193
31,4409	-0,193
31,4809	-0,188
31,5209	-0,179
31,5609	-0,168
31,6009	-0,156
31,6409	-0,145
31,6809	-0,138
31,7209	-0,135
31,7609	-0,137
31,8009	-0,137
31,8409	-0,138
31,8809	-0,140
31,9209	-0,140
31,9609	-0,140
32,0009	-0,138
32,0409	-0,135
32,0809	-0,130
32,1209	-0,126
32,1609	-0,118
32,2009	-0,107
32,2409	-0,093
32,2809	-0,074
32,3209	-0,047
32,3609	-0,014
32,4009	0,027
32,4409	0,077
32,4809	0,137
32,5209	0,206
32,5609	0,284
32,6009	0,372
32,6409	0,468
32,6809	0,573
32,7209	0,686
32,7609	0,804
32,8009	0,925
32,8409	1,049
32,8809	1,175
32,9209	1,301
32,9609	1,423
33,0009	1,541
33,0409	1,654
33,0809	1,758
33,1209	1,854
33,1609	1,937
33,2009	2,007
33,2409	2,064
33,2809	2,106
33,3209	2,133
33,3609	2,143
33,4009	2,135
33,4409	2,114
33,4809	2,080
33,5209	2,036
33,5609	1,979
33,6009	1,910
33,6409	1,832
33,6809	1,740
33,7209	1,641
33,7609	1,533
33,8009	1,420
33,8409	1,301
33,8809	1,178
33,9209	1,054
33,9609	0,930
34,0009	0,809
34,0409	0,690
34,0809	0,575
34,1209	0,467
34,1609	0,366
34,2009	0,273
34,2409	0,192
34,2809	0,119
34,3209	0,057
34,3609	0,005
34,4009	-0,038
34,4409	-0,069
34,4809	-0,093
34,5209	-0,108
34,5609	-0,116
34,6009	-0,118
34,6409	-0,116
34,6809	-0,110
34,7209	-0,104
34,7609	-0,101
34,8009	-0,102
34,8409	-0,105
34,8809	-0,107
34,9209	-0,110
34,9609	-0,113
35,0009	-0,118
35,0409	-0,121
35,0809	-0,123
35,1209	-0,124
35,1609	-0,126
35,2009	-0,124
35,2409	-0,121
35,2809	-0,116
35,3209	-0,110
35,3609	-0,104
35,4009	-0,099
35,4409	-0,096
35,4809	-0,094
35,5209	-0,091
35,5609	-0,085
35,6009	-0,075
35,6409	-0,057
35,6809	-0,028
35,7209	0,013
35,7609	0,069
35,8009	0,140
35,8409	0,226
35,8809	0,327
35,9209	0,441
35,9609	0,567
36,0009	0,704
36,0409	0,848
36,0809	0,999
36,1209	1,153
36,1609	1,307
36,2009	1,459
36,2409	1,607
36,2809	1,747
36,3209	1,876
36,3609	1,993
36,4009	2,095
36,4409	2,180
36,4809	2,246
36,5209	2,292
36,5609	2,315
36,6009	2,318
36,6409	2,300
36,6809	2,262
36,7209	2,205
36,7609	2,133
36,8009	2,047
36,8409	1,945
36,8809	1,830
36,9209	1,703
36,9609	1,569
37,0009	1,428
37,0409	1,283
37,0809	1,137
37,1209	0,993
37,1609	0,850
37,2009	0,712
37,2409	0,581
37,2809	0,460
37,3209	0,350
37,3609	0,253
37,4009	0,168
37,4409	0,096
37,4809	0,038
37,5209	-0,006
37,5609	-0,038
37,6009	-0,057
37,6409	-0,064
37,6809	-0,063
37,7209	-0,052
37,7609	-0,038
37,8009	-0,022
37,8409	-0,006
37,8809	0,008
37,9209	0,019
37,9609	0,024
38,0009	0,022
38,0409	0,017
38,0809	0,008
38,1209	-0,005
38,1609	-0,020
38,2009	-0,038
38,2409	-0,058
38,2809	-0,079
38,3209	-0,099
38,3609	-0,118
38,4009	-0,137
38,4409	-0,151
38,4809	-0,160
38,5209	-0,165
38,5609	-0,163
38,6009	-0,156
38,6409	-0,140
38,6809	-0,118
38,7209	-0,090
38,7609	-0,053
38,8009	-0,008
38,8409	0,046
38,8809	0,107
38,9209	0,178
38,9609	0,256
39,0009	0,344
39,0409	0,440
39,0809	0,542
39,1209	0,652
39,1609	0,765
39,2009	0,883
39,2409	1,002
39,2809	1,122
39,3209	1,241
39,3609	1,359
39,4009	1,470
39,4409	1,579
39,4809	1,679
39,5209	1,772
39,5609	1,855
39,6009	1,926
39,6409	1,985
39,6809	2,031
39,7209	2,062
39,7609	2,080
39,8009	2,081
39,8409	2,069
39,8809	2,044
39,9209	2,007
39,9609	1,960
40,0009	1,901
40,0409	1,833
40,0809	1,755
40,1209	1,667
40,1609	1,572
40,2009	1,470
40,2409	1,365
40,2809	1,253
40,3209	1,140
40,3609	1,026
40,4009	0,911
40,4409	0,798
40,4809	0,686
40,5209	0,578
40,5609	0,476
40,6009	0,379
40,6409	0,289
40,6809	0,209
40,7209	0,135
40,7609	0,071
40,8009	0,016
40,8409	-0,031
40,8809	-0,069
40,9209	-0,099
40,9609	-0,121
41,0009	-0,137
41,0409	-0,145
41,0809	-0,148
41,1209	-0,148
41,1609	-0,145
41,2009	-0,141
41,2409	-0,137
41,2809	-0,134
41,3209	-0,132
41,3609	-0,132
41,4009	-0,134
41,4409	-0,134
41,4809	-0,134
41,5209	-0,134
41,5609	-0,132
41,6009	-0,132
41,6409	-0,130
41,6809	-0,130
41,7209	-0,129
41,7609	-0,126
41,8009	-0,123
41,8409	-0,116
41,8809	-0,108
41,9209	-0,096
41,9609	-0,075
42,0009	-0,049
42,0409	-0,011
42,0809	0,039
42,1209	0,102
42,1609	0,176
42,2009	0,262
42,2409	0,361
42,2809	0,471
42,3209	0,592
42,3609	0,723
42,4009	0,858
42,4409	0,999
42,4809	1,142
42,5209	1,285
42,5609	1,428
42,6009	1,565
42,6409	1,695
42,6809	1,816
42,7209	1,926
42,7609	2,023
42,8009	2,103
42,8409	2,169
42,8809	2,215
42,9209	2,242
42,9609	2,249
43,0009	2,237
43,0409	2,207
43,0809	2,160
43,1209	2,099
43,1609	2,022
43,2009	1,931
43,2409	1,827
43,2809	1,712
43,3209	1,588
43,3609	1,458
43,4009	1,321
43,4409	1,183
43,4809	1,041
43,5209	0,903
43,5609	0,768
43,6009	0,638
43,6409	0,514
43,6809	0,399
43,7209	0,295
43,7609	0,203
43,8009	0,121
43,8409	0,052
43,8809	-0,003
43,9209	-0,047
43,9609	-0,079
44,0009	-0,099
44,0409	-0,112
44,0809	-0,113
44,1209	-0,110
44,1609	-0,102
44,2009	-0,090
44,2409	-0,077
44,2809	-0,068
44,3209	-0,061
44,3609	-0,060
44,4009	-0,061
44,4409	-0,064
44,4809	-0,071
44,5209	-0,077
44,5609	-0,085
44,6009	-0,094
44,6409	-0,101
44,6809	-0,107
44,7209	-0,112
44,7609	-0,113
44,8009	-0,113
44,8409	-0,110
44,8809	-0,105
44,9209	-0,094
44,9609	-0,080
45,0009	-0,064
45,0409	-0,044
45,0809	-0,019
45,1209	0,013
45,1609	0,050
45,2009	0,096
45,2409	0,151
45,2809	0,215
45,3209	0,291
45,3609	0,375
45,4009	0,470
45,4409	0,573
45,4809	0,683
45,5209	0,800
45,5609	0,920
45,6009	1,043
45,6409	1,169
45,6809	1,294
45,7209	1,418
45,7609	1,538
45,8009	1,651
45,8409	1,758
45,8809	1,854
45,9209	1,940
45,9609	2,012
46,0009	2,072
46,0409	2,114
46,0809	2,143
46,1209	2,154
46,1609	2,147
46,2009	2,127
46,2409	2,091
46,2809	2,042
46,3209	1,978
46,3609	1,902
46,4009	1,816
46,4409	1,718
46,4809	1,612
46,5209	1,495
46,5609	1,376
46,6009	1,250
46,6409	1,122
46,6809	0,993
46,7209	0,864
46,7609	0,738
46,8009	0,616
46,8409	0,500
46,8809	0,390
46,9209	0,289
46,9609	0,198
47,0009	0,116
47,0409	0,047
47,0809	-0,013
47,1209	-0,061
47,1609	-0,099
47,2009	-0,126
47,2409	-0,145
47,2809	-0,156
47,3209	-0,157
47,3609	-0,154
47,4009	-0,146
47,4409	-0,135
47,4809	-0,124
47,5209	-0,115
47,5609	-0,110
47,6009	-0,108
47,6409	-0,108
47,6809	-0,112
47,7209	-0,115
47,7609	-0,118
47,8009	-0,123
47,8409	-0,126
47,8809	-0,129
47,9209	-0,129
47,9609	-0,127
48,0009	-0,123
48,0409	-0,116
48,0809	-0,105
48,1209	-0,094
48,1609	-0,083
48,2009	-0,074
48,2409	-0,061
48,2809	-0,046
48,3209	-0,022
48,3609	0,009
48,4009	0,052
48,4409	0,105
48,4809	0,173
48,5209	0,253
48,5609	0,344
48,6009	0,449
48,6409	0,562
48,6809	0,686
48,7209	0,817
48,7609	0,953
48,8009	1,092
48,8409	1,233
48,8809	1,371
48,9209	1,508
48,9609	1,638
49,0009	1,761
49,0409	1,872
49,0809	1,973
49,1209	2,059
49,1609	2,128
49,2009	2,182
49,2409	2,218
49,2809	2,234
49,3209	2,231
49,3609	2,210
49,4009	2,172
49,4409	2,119
49,4809	2,053
49,5209	1,973
49,5609	1,879
49,6009	1,775
49,6409	1,659
49,6809	1,536
49,7209	1,407
49,7609	1,274
49,8009	1,137
49,8409	1,001
49,8809	0,866
49,9209	0,734
49,9609	0,606
50,0009	0,487
50,0409	0,375
50,0809	0,273
50,1209	0,184
50,1609	0,105
50,2009	0,038
50,2409	-0,016
50,2809	-0,058
50,3209	-0,090
50,3609	-0,110
50,4009	-0,121
50,4409	-0,124
50,4809	-0,119
50,5209	-0,110
50,5609	-0,099
50,6009	-0,088
50,6409	-0,082
50,6809	-0,080
50,7209	-0,082
50,7609	-0,085
50,8009	-0,090
50,8409	-0,094
50,8809	-0,101
50,9209	-0,105
50,9609	-0,112
51,0009	-0,115
51,0409	-0,118
51,0809	-0,118
51,1209	-0,118
51,1609	-0,115
51,2009	-0,108
51,2409	-0,099
51,2809	-0,086
51,3209	-0,071
51,3609	-0,052
51,4009	-0,027
51,4409	0,005
51,4809	0,042
51,5209	0,086
51,5609	0,140
51,6009	0,203
51,6409	0,275
51,6809	0,357
51,7209	0,448
51,7609	0,547
51,8009	0,652
51,8409	0,763
51,8809	0,881
51,9209	1,001
51,9609	1,123
52,0009	1,246
52,0409	1,368
52,0809	1,486
52,1209	1,601
52,1609	1,709
52,2009	1,810
52,2409	1,899
52,2809	1,979
52,3209	2,045
52,3609	2,097
52,4009	2,135
52,4409	2,157
52,4809	2,161
52,5209	2,149
52,5609	2,122
52,6009	2,080
52,6409	2,023
52,6809	1,953
52,7209	1,869
52,7609	1,773
52,8009	1,668
52,8409	1,552
52,8809	1,429
52,9209	1,301
52,9609	1,167
53,0009	1,034
53,0409	0,898
53,0809	0,763
53,1209	0,633
53,1609	0,509
53,2009	0,391
53,2409	0,283
53,2809	0,182
53,3209	0,094
53,3609	0,017
53,4009	-0,047
53,4409	-0,101
53,4809	-0,141
53,5209	-0,171
53,5609	-0,188
53,6009	-0,198
53,6409	-0,198
53,6809	-0,192
53,7209	-0,181
53,7609	-0,167
53,8009	-0,152
53,8409	-0,138
53,8809	-0,129
53,9209	-0,123
53,9609	-0,123
54,0009	-0,124
54,0409	-0,126
54,0809	-0,127
54,1209	-0,129
54,1609	-0,130
54,2009	-0,130
54,2409	-0,129
54,2809	-0,126
54,3209	-0,121
54,3609	-0,115
54,4009	-0,107
54,4409	-0,097
54,4809	-0,086
54,5209	-0,074
54,5609	-0,058
54,6009	-0,038
54,6409	-0,011
54,6809	0,027
54,7209	0,074
54,7609	0,134
54,8009	0,206
54,8409	0,289
54,8809	0,385
54,9209	0,492
54,9609	0,608
55,0009	0,732
55,0409	0,862
55,0809	0,997
55,1209	1,134
55,1609	1,272
55,2009	1,409
55,2409	1,543
55,2809	1,668
55,3209	1,788
55,3609	1,894
55,4009	1,990
55,4409	2,072
55,4809	2,138
55,5209	2,187
55,5609	2,218
55,6009	2,227
55,6409	2,221
55,6809	2,196
55,7209	2,155
55,7609	2,100
55,8009	2,034
55,8409	1,956
55,8809	1,863
55,9209	1,759
55,9609	1,645
56,0009	1,521
56,0409	1,389
56,0809	1,253
56,1209	1,114
56,1609	0,974
56,2009	0,836
56,2409	0,699
56,2809	0,567
56,3209	0,443
56,3609	0,327
56,4009	0,221
56,4409	0,127
56,4809	0,044
56,5209	-0,025
56,5609	-0,082
56,6009	-0,127
56,6409	-0,159
56,6809	-0,179
56,7209	-0,188
56,7609	-0,188
56,8009	-0,181
56,8409	-0,170
56,8809	-0,157
56,9209	-0,146
56,9609	-0,140
57,0009	-0,137
57,0409	-0,137
57,0809	-0,137
57,1209	-0,138
57,1609	-0,138
57,2009	-0,140
57,2409	-0,140
57,2809	-0,140
57,3209	-0,140
57,3609	-0,138
57,4009	-0,137
57,4409	-0,135
57,4809	-0,135
57,5209	-0,134
57,5609	-0,132
57,6009	-0,129
57,6409	-0,124
57,6809	-0,113
57,7209	-0,097
57,7609	-0,074
57,8009	-0,039
57,8409	0,008
57,8809	0,066
57,9209	0,137
57,9609	0,220
58,0009	0,314
58,0409	0,423
58,0809	0,539
58,1209	0,666
58,1609	0,800
58,2009	0,939
58,2409	1,081
58,2809	1,224
58,3209	1,365
58,3609	1,502
58,4009	1,634
58,4409	1,758
58,4809	1,871
58,5209	1,971
58,5609	2,059
58,6009	2,130
58,6409	2,185
58,6809	2,220
58,7209	2,237
58,7609	2,234
58,8009	2,213
58,8409	2,177
58,8809	2,124
58,9209	2,056
58,9609	1,974
59,0009	1,879
59,0409	1,772
59,0809	1,656
59,1209	1,530
59,1609	1,398
59,2009	1,261
59,2409	1,123
59,2809	0,983
59,3209	0,847
59,3609	0,712
59,4009	0,583
59,4409	0,460
59,4809	0,347
59,5209	0,243
59,5609	0,151
59,6009	0,071
59,6409	0,002
59,6809	-0,053
59,7209	-0,099
59,7609	-0,132
59,8009	-0,154
59,8409	-0,167
59,8809	-0,170
59,9209	-0,165
59,9609	-0,156
60,0009	-0,143
60,0409	-0,129
60,0809	-0,115
60,1209	-0,101
60,1609	-0,090
60,2009	-0,085
60,2409	-0,085
60,2809	-0,088
60,3209	-0,091
60,3609	-0,096
60,4009	-0,102
60,4409	-0,107
60,4809	-0,112
60,5209	-0,113
60,5609	-0,113
60,6009	-0,110
60,6409	-0,104
60,6809	-0,094
60,7209	-0,083
60,7609	-0,069
60,8009	-0,055
60,8409	-0,035
60,8809	-0,009
60,9209	0,022
60,9609	0,064
61,0009	0,118
61,0409	0,182
61,0809	0,258
61,1209	0,347
61,1609	0,446
61,2009	0,556
61,2409	0,675
61,2809	0,801
61,3209	0,935
61,3609	1,071
61,4009	1,210
61,4409	1,348
61,4809	1,484
61,5209	1,618
61,5609	1,742
61,6009	1,858
61,6409	1,962
61,6809	2,053
61,7209	2,128
61,7609	2,187
61,8009	2,226
61,8409	2,246
61,8809	2,246
61,9209	2,229
61,9609	2,193
62,0009	2,143
62,0409	2,080
62,0809	2,004
62,1209	1,916
62,1609	1,814
62,2009	1,701
62,2409	1,579
62,2809	1,448
62,3209	1,313
62,3609	1,173
62,4009	1,032
62,4409	0,892
62,4809	0,754
62,5209	0,620
62,5609	0,495
62,6009	0,377
62,6409	0,269
62,6809	0,171
62,7209	0,086
62,7609	0,014
62,8009	-0,046
62,8409	-0,093
62,8809	-0,126
62,9209	-0,149
62,9609	-0,160
63,0009	-0,162
63,0409	-0,154
63,0809	-0,143
63,1209	-0,129
63,1609	-0,115
63,2009	-0,102
63,2409	-0,094
63,2809	-0,090
63,3209	-0,090
63,3609	-0,093
63,4009	-0,096
63,4409	-0,102
63,4809	-0,107
63,5209	-0,113
63,5609	-0,119
63,6009	-0,124
63,6409	-0,127
63,6809	-0,127
63,7209	-0,126
63,7609	-0,121
63,8009	-0,113
63,8409	-0,102
63,8809	-0,090
63,9209	-0,077
63,9609	-0,061
64,0009	-0,042
64,0409	-0,017
64,0809	0,014
64,1209	0,055
64,1609	0,105
64,2009	0,167
64,2409	0,237
64,2809	0,320
64,3209	0,413
64,3609	0,515
64,4009	0,627
64,4409	0,746
64,4809	0,870
64,5209	0,999
64,5609	1,129
64,6009	1,261
64,6409	1,390
64,6809	1,516
64,7209	1,635
64,7609	1,748
64,8009	1,850
64,8409	1,942
64,8809	2,020
64,9209	2,083
64,9609	2,132
65,0009	2,161
65,0409	2,176
65,0809	2,172
65,1209	2,152
65,1609	2,117
65,2009	2,069
65,2409	2,007
65,2809	1,934
65,3209	1,849
65,3609	1,753
65,4009	1,648
65,4409	1,535
65,4809	1,415
65,5209	1,291
65,5609	1,166
65,6009	1,040
65,6409	0,914
65,6809	0,790
65,7209	0,671
65,7609	0,558
65,8009	0,452
65,8409	0,355
65,8809	0,269
65,9209	0,190
65,9609	0,124
66,0009	0,068
66,0409	0,022
66,0809	-0,014
66,1209	-0,039
66,1609	-0,058
66,2009	-0,068
66,2409	-0,071
66,2809	-0,069
66,3209	-0,064
66,3609	-0,057
66,4009	-0,050
66,4409	-0,046
66,4809	-0,042
66,5209	-0,042
66,5609	-0,046
66,6009	-0,050
66,6409	-0,058
66,6809	-0,068
66,7209	-0,075
66,7609	-0,086
66,8009	-0,096
66,8409	-0,105
66,8809	-0,115
66,9209	-0,121
66,9609	-0,123
67,0009	-0,123
67,0409	-0,118
67,0809	-0,107
67,1209	-0,093
67,1609	-0,071
67,2009	-0,044
67,2409	-0,009
67,2809	0,031
67,3209	0,080
67,3609	0,138
67,4009	0,204
67,4409	0,278
67,4809	0,361
67,5209	0,452
67,5609	0,550
67,6009	0,655
67,6409	0,765
67,6809	0,880
67,7209	0,996
67,7609	1,112
67,8009	1,230
67,8409	1,346
67,8809	1,458
67,9209	1,565
67,9609	1,667
68,0009	1,759
68,0409	1,844
68,0809	1,916
68,1209	1,979
68,1609	2,028
68,2009	2,061
68,2409	2,081
68,2809	2,086
68,3209	2,077
68,3609	2,055
68,4009	2,018
68,4409	1,973
68,4809	1,916
68,5209	1,849
68,5609	1,770
68,6009	1,684
68,6409	1,588
68,6809	1,484
68,7209	1,376
68,7609	1,263
68,8009	1,147
68,8409	1,029
68,8809	0,909
68,9209	0,792
68,9609	0,677
69,0009	0,565
69,0409	0,459
69,0809	0,360
69,1209	0,269
69,1609	0,185
69,2009	0,112
69,2409	0,047
69,2809	-0,008
69,3209	-0,053
69,3609	-0,090
69,4009	-0,116
69,4409	-0,135
69,4809	-0,146
69,5209	-0,151
69,5609	-0,151
69,6009	-0,146
69,6409	-0,140
69,6809	-0,132
69,7209	-0,126
69,7609	-0,121
69,8009	-0,119
69,8409	-0,121
69,8809	-0,124
69,9209	-0,126
69,9609	-0,129
70,0009	-0,130
70,0409	-0,132
70,0809	-0,130
70,1209	-0,129
70,1609	-0,124
70,2009	-0,116
70,2409	-0,110
70,2809	-0,102
70,3209	-0,094
70,3609	-0,086
70,4009	-0,074
70,4409	-0,057
70,4809	-0,033
70,5209	-0,002
70,5609	0,041
70,6009	0,093
70,6409	0,157
70,6809	0,232
70,7209	0,320
70,7609	0,419
70,8009	0,528
70,8409	0,644
70,8809	0,768
70,9209	0,898
70,9609	1,030
71,0009	1,164
71,0409	1,299
71,0809	1,429
71,1209	1,557
71,1609	1,678
71,2009	1,791
71,2409	1,891
71,2809	1,981
71,3209	2,056
71,3609	2,117
71,4009	2,161
71,4409	2,188
71,4809	2,198
71,5209	2,190
71,5609	2,165
71,6009	2,125
71,6409	2,072
71,6809	2,003
71,7209	1,921
71,7609	1,828
71,8009	1,723
71,8409	1,612
71,8809	1,491
71,9209	1,367
71,9609	1,236
72,0009	1,106
72,0409	0,975
72,0809	0,847
72,1209	0,721
72,1609	0,602
72,2009	0,489
72,2409	0,382
72,2809	0,287
72,3209	0,201
72,3609	0,127
72,4009	0,064
72,4409	0,013
72,4809	-0,028
72,5209	-0,060
72,5609	-0,080
72,6009	-0,093
72,6409	-0,097
72,6809	-0,096
72,7209	-0,091
72,7609	-0,083
72,8009	-0,075
72,8409	-0,068
72,8809	-0,061
72,9209	-0,057
72,9609	-0,055
73,0009	-0,055
73,0409	-0,060
73,0809	-0,064
73,1209	-0,072
73,1609	-0,082
73,2009	-0,091
73,2409	-0,101
73,2809	-0,110
73,3209	-0,118
73,3609	-0,121
73,4009	-0,123
73,4409	-0,118
73,4809	-0,110
73,5209	-0,096
73,5609	-0,075
73,6009	-0,049
73,6409	-0,016
73,6809	0,022
73,7209	0,069
73,7609	0,123
73,8009	0,185
73,8409	0,258
73,8809	0,339
73,9209	0,429
73,9609	0,526
74,0009	0,631
74,0409	0,741
74,0809	0,858
74,1209	0,977
74,1609	1,098
74,2009	1,221
74,2409	1,341
74,2809	1,459
74,3209	1,574
74,3609	1,682
74,4009	1,781
74,4409	1,872
74,4809	1,951
74,5209	2,017
74,5609	2,070
74,6009	2,106
74,6409	2,127
74,6809	2,132
74,7209	2,121
74,7609	2,095
74,8009	2,058
74,8409	2,009
74,8809	1,948
74,9209	1,876
74,9609	1,791
75,0009	1,695
75,0409	1,591
75,0809	1,478
75,1209	1,360
75,1609	1,236
75,2009	1,109
75,2409	0,982
75,2809	0,853
75,3209	0,727
75,3609	0,605
75,4009	0,487
75,4409	0,377
75,4809	0,273
75,5209	0,181
75,5609	0,097
75,6009	0,027
75,6409	-0,035
75,6809	-0,085
75,7209	-0,123
75,7609	-0,151
75,8009	-0,168
75,8409	-0,174
75,8809	-0,174
75,9209	-0,168
75,9609	-0,157
76,0009	-0,146
76,0409	-0,134
76,0809	-0,124
76,1209	-0,119
76,1609	-0,118
76,2009	-0,119
76,2409	-0,121
76,2809	-0,124
76,3209	-0,127
76,3609	-0,129
76,4009	-0,129
76,4409	-0,129
76,4809	-0,127
76,5209	-0,124
76,5609	-0,119
76,6009	-0,115
76,6409	-0,112
76,6809	-0,110
76,7209	-0,107
76,7609	-0,104
76,8009	-0,099
76,8409	-0,093
76,8809	-0,082
76,9209	-0,064
76,9609	-0,039
77,0009	0,000
77,0409	0,053
77,0809	0,124
77,1209	0,214
77,1609	0,319
77,2009	0,441
77,2409	0,580
77,2809	0,729
77,3209	0,888
77,3609	1,054
77,4009	1,225
77,4409	1,396
77,4809	1,566
77,5209	1,729
77,5609	1,883
77,6009	2,025
77,6409	2,152
77,6809	2,259
77,7209	2,345
77,7609	2,410
77,8009	2,449
77,8409	2,461
77,8809	2,449
77,9209	2,413
77,9609	2,351
78,0009	2,270
78,0409	2,168
78,0809	2,047
78,1209	1,909
78,1609	1,755
78,2009	1,590
78,2409	1,415
78,2809	1,236
78,3209	1,054
78,3609	0,873
78,4009	0,696
78,4409	0,526
78,4809	0,366
78,5209	0,220
78,5609	0,088
78,6009	-0,027
78,6409	-0,123
78,6809	-0,199
78,7209	-0,258
78,7609	-0,295
78,8009	-0,316
78,8409	-0,319
78,8809	-0,306
78,9209	-0,283
78,9609	-0,251
79,0009	-0,214
79,0409	-0,173
79,0809	-0,130
79,1209	-0,086
79,1609	-0,046
79,2009	-0,008
79,2409	0,022
79,2809	0,046
79,3209	0,060
79,3609	0,063
79,4009	0,060
79,4409	0,052
79,4809	0,039
79,5209	0,024
79,5609	0,005
79,6009	-0,013
79,6409	-0,030
79,6809	-0,044
79,7209	-0,055
79,7609	-0,061
79,8009	-0,061
79,8409	-0,053
79,8809	-0,041
79,9209	-0,019
79,9609	0,011
80,0009	0,049
80,0409	0,094
80,0809	0,149
80,1209	0,214
80,1609	0,287
80,2009	0,372
80,2409	0,467
80,2809	0,569
80,3209	0,680
80,3609	0,796
80,4009	0,919
80,4409	1,045
80,4809	1,172
80,5209	1,301
80,5609	1,426
80,6009	1,549
80,6409	1,667
80,6809	1,775
80,7209	1,876
80,7609	1,963
80,8009	2,039
80,8409	2,099
80,8809	2,144
80,9209	2,171
80,9609	2,182
81,0009	2,174
81,0409	2,150
81,0809	2,113
81,1209	2,064
81,1609	2,004
81,2009	1,932
81,2409	1,846
81,2809	1,748
81,3209	1,640
81,3609	1,522
81,4009	1,400
81,4409	1,269
81,4809	1,136
81,5209	1,001
81,5609	0,866
81,6009	0,734
81,6409	0,605
81,6809	0,482
81,7209	0,366
81,7609	0,261
81,8009	0,165
81,8409	0,080
81,8809	0,006
81,9209	-0,055
81,9609	-0,104
82,0009	-0,141
82,0409	-0,168
82,0809	-0,182
82,1209	-0,188
82,1609	-0,185
82,2009	-0,178
82,2409	-0,165
82,2809	-0,149
82,3209	-0,135
82,3609	-0,121
82,4009	-0,110
82,4409	-0,102
82,4809	-0,099
82,5209	-0,099
82,5609	-0,102
82,6009	-0,105
82,6409	-0,110
82,6809	-0,113
82,7209	-0,116
82,7609	-0,119
82,8009	-0,119
82,8409	-0,116
82,8809	-0,108
82,9209	-0,101
82,9609	-0,086
83,0009	-0,069
83,0409	-0,046
83,0809	-0,014
83,1209	0,025
83,1609	0,071
83,2009	0,127
83,2409	0,192
83,2809	0,265
83,3209	0,349
83,3609	0,441
83,4009	0,540
83,4409	0,649
83,4809	0,762
83,5209	0,881
83,5609	1,004
83,6009	1,128
83,6409	1,252
83,6809	1,374
83,7209	1,494
83,7609	1,608
83,8009	1,717
83,8409	1,816
83,8809	1,905
83,9209	1,982
83,9609	2,047
84,0009	2,097
84,0409	2,130
84,0809	2,146
84,1209	2,146
84,1609	2,130
84,2009	2,099
84,2409	2,056
84,2809	2,001
84,3209	1,934
84,3609	1,855
84,4009	1,764
84,4409	1,662
84,4809	1,552
84,5209	1,433
84,5609	1,308
84,6009	1,181
84,6409	1,049
84,6809	0,919
84,7209	0,787
84,7609	0,660
84,8009	0,536
84,8409	0,418
84,8809	0,309
84,9209	0,209
84,9609	0,119
85,0009	0,039
85,0409	-0,028
85,0809	-0,083
85,1209	-0,129
85,1609	-0,162
85,2009	-0,185
85,2409	-0,199
85,2809	-0,204
85,3209	-0,201
85,3609	-0,193
85,4009	-0,182
85,4409	-0,168
85,4809	-0,154
85,5209	-0,141
85,5609	-0,134
85,6009	-0,129
85,6409	-0,127
85,6809	-0,129
85,7209	-0,130
85,7609	-0,132
85,8009	-0,134
85,8409	-0,134
85,8809	-0,132
85,9209	-0,129
85,9609	-0,124
86,0009	-0,119
86,0409	-0,112
86,0809	-0,102
86,1209	-0,088
86,1609	-0,069
86,2009	-0,042
86,2409	-0,008
86,2809	0,033
86,3209	0,085
86,3609	0,145
86,4009	0,214
86,4409	0,292
86,4809	0,379
86,5209	0,474
86,5609	0,576
86,6009	0,686
86,6409	0,800
86,6809	0,916
86,7209	1,035
86,7609	1,155
86,8009	1,272
86,8409	1,389
86,8809	1,499
86,9209	1,604
86,9609	1,703
87,0009	1,792
87,0409	1,871
87,0809	1,940
87,1209	1,995
87,1609	2,037
87,2009	2,066
87,2409	2,080
87,2809	2,081
87,3209	2,069
87,3609	2,044
87,4009	2,006
87,4409	1,956
87,4809	1,896
87,5209	1,827
87,5609	1,747
87,6009	1,659
87,6409	1,565
87,6809	1,464
87,7209	1,360
87,7609	1,252
87,8009	1,142
87,8409	1,030
87,8809	0,920
87,9209	0,812
87,9609	0,707
88,0009	0,605
88,0409	0,509
88,0809	0,419
88,1209	0,336
88,1609	0,262
88,2009	0,195
88,2409	0,137
88,2809	0,086
88,3209	0,046
88,3609	0,011
88,4009	-0,016
88,4409	-0,038
88,4809	-0,052
88,5209	-0,063
88,5609	-0,069
88,6009	-0,074
88,6409	-0,074
88,6809	-0,074
88,7209	-0,074
88,7609	-0,075
88,8009	-0,075
88,8409	-0,079
88,8809	-0,082
88,9209	-0,085
88,9609	-0,090
89,0009	-0,094
89,0409	-0,099
89,0809	-0,102
89,1209	-0,105
89,1609	-0,105
89,2009	-0,104
89,2409	-0,099
89,2809	-0,091
89,3209	-0,080
89,3609	-0,063
89,4009	-0,042
89,4409	-0,016
89,4809	0,017
89,5209	0,057
89,5609	0,102
89,6009	0,157
89,6409	0,220
89,6809	0,292
89,7209	0,372
89,7609	0,462
89,8009	0,558
89,8409	0,660
89,8809	0,768
89,9209	0,881
89,9609	0,997
90,0009	1,115
90,0409	1,233
90,0809	1,349
90,1209	1,464
90,1609	1,572
90,2009	1,676
90,2409	1,770
90,2809	1,855
90,3209	1,931
90,3609	1,992
90,4009	2,040
90,4409	2,075
90,4809	2,094
90,5209	2,097
90,5609	2,084
90,6009	2,061
90,6409	2,025
90,6809	1,979
90,7209	1,923
90,7609	1,855
90,8009	1,777
90,8409	1,689
90,8809	1,593
90,9209	1,489
90,9609	1,381
91,0009	1,266
91,0409	1,150
91,0809	1,030
91,1209	0,911
91,1609	0,793
91,2009	0,679
91,2409	0,567
91,2809	0,462
91,3209	0,363
91,3609	0,272
91,4009	0,190
91,4409	0,116
91,4809	0,053
91,5209	-0,002
91,5609	-0,046
91,6009	-0,082
91,6409	-0,108
91,6809	-0,129
91,7209	-0,140
91,7609	-0,146
91,8009	-0,146
91,8409	-0,141
91,8809	-0,135
91,9209	-0,129
91,9609	-0,121
92,0009	-0,116
92,0409	-0,113
92,0809	-0,113
92,1209	-0,115
92,1609	-0,118
92,2009	-0,119
92,2409	-0,121
92,2809	-0,123
92,3209	-0,123
92,3609	-0,123
92,4009	-0,119
92,4409	-0,115
92,4809	-0,108
92,5209	-0,101
92,5609	-0,094
92,6009	-0,086
92,6409	-0,079
92,6809	-0,068
92,7209	-0,053
92,7609	-0,033
92,8009	-0,005
92,8409	0,033
92,8809	0,083
92,9209	0,146
92,9609	0,221
93,0009	0,309
93,0409	0,410
93,0809	0,522
93,1209	0,642
93,1609	0,771
93,2009	0,905
93,2409	1,045
93,2809	1,186
93,3209	1,326
93,3609	1,464
93,4009	1,596
93,4409	1,722
93,4809	1,838
93,5209	1,942
93,5609	2,033
93,6009	2,108
93,6409	2,166
93,6809	2,207
93,7209	2,229
93,7609	2,232
93,8009	2,216
93,8409	2,185
93,8809	2,138
93,9209	2,078
93,9609	2,006
94,0009	1,921
94,0409	1,824
94,0809	1,717
94,1209	1,601
94,1609	1,477
94,2009	1,348
94,2409	1,217
94,2809	1,084
94,3209	0,952
94,3609	0,822
94,4009	0,697
94,4409	0,578
94,4809	0,467
94,5209	0,364
94,5609	0,273
94,6009	0,193
94,6409	0,123
94,6809	0,066
94,7209	0,020
94,7609	-0,016
94,8009	-0,039
94,8409	-0,055
94,8809	-0,061
94,9209	-0,061
94,9609	-0,055
95,0009	-0,046
95,0409	-0,036
95,0809	-0,028
95,1209	-0,022
95,1609	-0,020
95,2009	-0,022
95,2409	-0,027
95,2809	-0,033
95,3209	-0,042
95,3609	-0,055
95,4009	-0,068
95,4409	-0,082
95,4809	-0,096
95,5209	-0,110
95,5609	-0,123
95,6009	-0,132
95,6409	-0,140
95,6809	-0,141
95,7209	-0,140
95,7609	-0,132
95,8009	-0,118
95,8409	-0,101
95,8809	-0,077
95,9209	-0,046
95,9609	-0,009
96,0009	0,035
96,0409	0,088
96,0809	0,149
96,1209	0,220
96,1609	0,298
96,2009	0,386
96,2409	0,482
96,2809	0,586
96,3209	0,694
96,3609	0,807
96,4009	0,924
96,4409	1,041
96,4809	1,159
96,5209	1,275
96,5609	1,390
96,6009	1,500
96,6409	1,604
96,6809	1,701
96,7209	1,789
96,7609	1,868
96,8009	1,935
96,8409	1,990
96,8809	2,031
96,9209	2,058
96,9609	2,069
97,0009	2,067
97,0409	2,053
97,0809	2,025
97,1209	1,989
97,1609	1,942
97,2009	1,883
97,2409	1,814
97,2809	1,736
97,3209	1,648
97,3609	1,554
97,4009	1,453
97,4409	1,346
97,4809	1,235
97,5209	1,122
97,5609	1,007
97,6009	0,892
97,6409	0,778
97,6809	0,666
97,7209	0,559
97,7609	0,457
97,8009	0,361
97,8409	0,273
97,8809	0,192
97,9209	0,119
97,9609	0,057
98,0009	0,003
98,0409	-0,042
98,0809	-0,079
98,1209	-0,107
98,1609	-0,127
98,2009	-0,140
98,2409	-0,145
98,2809	-0,145
98,3209	-0,140
98,3609	-0,134
98,4009	-0,127
98,4409	-0,121
98,4809	-0,118
98,5209	-0,116
98,5609	-0,118
98,6009	-0,119
98,6409	-0,123
98,6809	-0,126
98,7209	-0,127
98,7609	-0,130
98,8009	-0,130
98,8409	-0,129
98,8809	-0,126
98,9209	-0,118
98,9609	-0,108
99,0009	-0,096
99,0409	-0,080
99,0809	-0,058
99,1209	-0,031
99,1609	0,002
99,2009	0,042
99,2409	0,090
99,2809	0,146
99,3209	0,212
99,3609	0,286
99,4009	0,371
99,4409	0,462
99,4809	0,561
99,5209	0,666
99,5609	0,778
99,6009	0,892
99,6409	1,010
99,6809	1,128
99,7209	1,246
99,7609	1,360
99,8009	1,473
99,8409	1,580
99,8809	1,681
99,9209	1,773
99,9609	1,857
100,0009	1,929
100,0409	1,990
100,0809	2,037
100,1209	2,070
100,1609	2,091
100,2009	2,094
100,2409	2,084
100,2809	2,061
100,3209	2,025
100,3609	1,976
100,4009	1,916
100,4409	1,846
100,4809	1,764
100,5209	1,673
100,5609	1,574
100,6009	1,467
100,6409	1,357
100,6809	1,243
100,7209	1,125
100,7609	1,005
100,8009	0,888
100,8409	0,770
100,8809	0,655
100,9209	0,545
100,9609	0,441
101,0009	0,344
101,0409	0,254
101,0809	0,173
101,1209	0,101
101,1609	0,038
101,2009	-0,016
101,2409	-0,060
101,2809	-0,094
101,3209	-0,121
101,3609	-0,140
101,4009	-0,149
101,4409	-0,154
101,4809	-0,154
101,5209	-0,149
101,5609	-0,143
101,6009	-0,135
101,6409	-0,127
101,6809	-0,121
101,7209	-0,118
101,7609	-0,118
101,8009	-0,118
101,8409	-0,119
101,8809	-0,121
101,9209	-0,123
101,9609	-0,123
102,0009	-0,123
102,0409	-0,121
102,0809	-0,116
102,1209	-0,112
102,1609	-0,107
102,2009	-0,104
102,2409	-0,101
102,2809	-0,096
102,3209	-0,088
102,3609	-0,075
102,4009	-0,055
102,4409	-0,028
102,4809	0,009
102,5209	0,058
102,5609	0,119
102,6009	0,195
102,6409	0,281
102,6809	0,382
102,7209	0,492
102,7609	0,613
102,8009	0,743
102,8409	0,880
102,8809	1,019
102,9209	1,162
102,9609	1,305
103,0009	1,447
103,0409	1,583
103,0809	1,712
103,1209	1,832
103,1609	1,940
103,2009	2,036
103,2409	2,114
103,2809	2,177
103,3209	2,221
103,3609	2,246
103,4009	2,253
103,4409	2,240
103,4809	2,209
103,5209	2,161
103,5609	2,099
103,6009	2,022
103,6409	1,931
103,6809	1,827
103,7209	1,714
103,7609	1,591
103,8009	1,462
103,8409	1,330
103,8809	1,195
103,9209	1,059
103,9609	0,925
104,0009	0,793
104,0409	0,669
104,0809	0,550
104,1209	0,441
104,1609	0,341
104,2009	0,253
104,2409	0,176
104,2809	0,110
104,3209	0,057
104,3609	0,014
104,4009	-0,016
104,4409	-0,036
104,4809	-0,047
104,5209	-0,049
104,5609	-0,046
104,6009	-0,038
104,6409	-0,028
104,6809	-0,017
104,7209	-0,008
104,7609	-0,003
104,8009	-0,002
104,8409	-0,005
104,8809	-0,011
104,9209	-0,020
104,9609	-0,033
105,0009	-0,047
105,0409	-0,064
105,0809	-0,080
105,1209	-0,097
105,1609	-0,113
105,2009	-0,127
105,2409	-0,138
105,2809	-0,145
105,3209	-0,146
105,3609	-0,143
105,4009	-0,134
105,4409	-0,119
105,4809	-0,099
105,5209	-0,074
105,5609	-0,041
105,6009	0,000
105,6409	0,049
105,6809	0,105
105,7209	0,171
105,7609	0,245
105,8009	0,327
105,8409	0,418
105,8809	0,515
105,9209	0,619
105,9609	0,727
106,0009	0,840
106,0409	0,955
106,0809	1,071
106,1209	1,188
106,1609	1,302
106,2009	1,414
106,2409	1,522
106,2809	1,624
106,3209	1,718
106,3609	1,803
106,4009	1,879
106,4409	1,945
106,4809	1,996
106,5209	2,036
106,5609	2,061
106,6009	2,072
106,6409	2,067
106,6809	2,050
106,7209	2,023
106,7609	1,985
106,8009	1,937
106,8409	1,877
106,8809	1,806
106,9209	1,726
106,9609	1,638
107,0009	1,543
107,0409	1,442
107,0809	1,335
107,1209	1,224
107,1609	1,111
107,2009	0,996
107,2409	0,881
107,2809	0,768
107,3209	0,658
107,3609	0,551
107,4009	0,449
107,4409	0,355
107,4809	0,267
107,5209	0,187
107,5609	0,116
107,6009	0,053
107,6409	-0,002
107,6809	-0,046
107,7209	-0,082
107,7609	-0,110
107,8009	-0,130
107,8409	-0,143
107,8809	-0,148
107,9209	-0,149
107,9609	-0,148
108,0009	-0,141
108,0409	-0,137
108,0809	-0,130
108,1209	-0,124
108,1609	-0,121
108,2009	-0,121
108,2409	-0,123
108,2809	-0,124
108,3209	-0,126
108,3609	-0,126
108,4009	-0,126
108,4409	-0,124
108,4809	-0,123
108,5209	-0,118
108,5609	-0,115
108,6009	-0,110
108,6409	-0,104
108,6809	-0,096
108,7209	-0,086
108,7609	-0,072
108,8009	-0,055
108,8409	-0,030
108,8809	0,005
108,9209	0,050
108,9609	0,105
109,0009	0,174
109,0409	0,256
109,0809	0,349
109,1209	0,454
109,1609	0,570
109,2009	0,694
109,2409	0,826
109,2809	0,963
109,3209	1,101
109,3609	1,243
109,4009	1,382
109,4409	1,517
109,4809	1,648
109,5209	1,770
109,5609	1,883
109,6009	1,982
109,6409	2,069
109,6809	2,138
109,7209	2,191
109,7609	2,226
109,8009	2,240
109,8409	2,237
109,8809	2,215
109,9209	2,177
109,9609	2,122
110,0009	2,055
110,0409	1,974
110,0809	1,880
110,1209	1,773
110,1609	1,657
110,2009	1,532
110,2409	1,400
110,2809	1,263
110,3209	1,125
110,3609	0,985
110,4009	0,847
110,4409	0,712
110,4809	0,583
110,5209	0,462
110,5609	0,349
110,6009	0,247
110,6409	0,156
110,6809	0,075
110,7209	0,009
110,7609	-0,044
110,8009	-0,086
110,8409	-0,116
110,8809	-0,134
110,9209	-0,140
110,9609	-0,138
111,0009	-0,130
111,0409	-0,119
111,0809	-0,104
111,1209	-0,090
111,1609	-0,077
111,2009	-0,066
111,2409	-0,058
111,2809	-0,055
111,3209	-0,055
111,3609	-0,058
111,4009	-0,063
111,4409	-0,071
111,4809	-0,077
111,5209	-0,083
111,5609	-0,090
111,6009	-0,094
111,6409	-0,097
111,6809	-0,097
111,7209	-0,096
111,7609	-0,090
111,8009	-0,079
111,8409	-0,064
111,8809	-0,044
111,9209	-0,020
111,9609	0,011
112,0009	0,049
112,0409	0,096
112,0809	0,149
112,1209	0,214
112,1609	0,287
112,2009	0,371
112,2409	0,462
112,2809	0,561
112,3209	0,668
112,3609	0,779
112,4009	0,895
112,4409	1,015
112,4809	1,136
112,5209	1,255
112,5609	1,374
112,6009	1,489
112,6409	1,599
112,6809	1,701
112,7209	1,795
112,7609	1,880
112,8009	1,953
112,8409	2,012
112,8809	2,059
112,9209	2,091
112,9609	2,106
113,0009	2,108
113,0409	2,094
113,0809	2,066
113,1209	2,028
113,1609	1,978
113,2009	1,918
113,2409	1,846
113,2809	1,764
113,3209	1,673
113,3609	1,574
113,4009	1,469
113,4409	1,357
113,4809	1,243
113,5209	1,123
113,5609	1,005
113,6009	0,886
113,6409	0,768
113,6809	0,655
113,7209	0,545
113,7609	0,441
113,8009	0,344
113,8409	0,256
113,8809	0,176
113,9209	0,105
113,9609	0,044
114,0009	-0,008
114,0409	-0,050
114,0809	-0,083
114,1209	-0,107
114,1609	-0,123
114,2009	-0,132
114,2409	-0,134
114,2809	-0,134
114,3209	-0,129
114,3609	-0,123
114,4009	-0,116
114,4409	-0,110
114,4809	-0,107
114,5209	-0,107
114,5609	-0,108
114,6009	-0,112
114,6409	-0,115
114,6809	-0,118
114,7209	-0,123
114,7609	-0,124
114,8009	-0,126
114,8409	-0,124
114,8809	-0,121
114,9209	-0,113
114,9609	-0,102
115,0009	-0,088
115,0409	-0,071
115,0809	-0,049
115,1209	-0,020
115,1609	0,014
115,2009	0,058
115,2409	0,108
115,2809	0,168
115,3209	0,237
115,3609	0,316
115,4009	0,404
115,4409	0,500
115,4809	0,602
115,5209	0,710
115,5609	0,825
115,6009	0,942
115,6409	1,062
115,6809	1,183
115,7209	1,304
115,7609	1,422
115,8009	1,535
115,8409	1,645
115,8809	1,745
115,9209	1,838
115,9609	1,920
116,0009	1,990
116,0409	2,047
116,0809	2,089
116,1209	2,117
116,1609	2,128
116,2009	2,125
116,2409	2,106
116,2809	2,073
116,3209	2,026
116,3609	1,967
116,4009	1,894
116,4409	1,810
116,4809	1,714
116,5209	1,610
116,5609	1,497
116,6009	1,378
116,6409	1,253
116,6809	1,126
116,7209	0,999
116,7609	0,870
116,8009	0,743
116,8409	0,620
116,8809	0,501
116,9209	0,390
116,9609	0,286
117,0009	0,190
117,0409	0,105
117,0809	0,030
117,1209	-0,033
117,1609	-0,086
117,2009	-0,129
117,2409	-0,160
117,2809	-0,184
117,3209	-0,196
117,3609	-0,203
117,4009	-0,201
117,4409	-0,196
117,4809	-0,185
117,5209	-0,174
117,5609	-0,162
117,6009	-0,151
117,6409	-0,143
117,6809	-0,138
117,7209	-0,138
117,7609	-0,140
117,8009	-0,140
117,8409	-0,140
117,8809	-0,140
117,9209	-0,138
117,9609	-0,137
118,0009	-0,134
118,0409	-0,132
118,0809	-0,129
118,1209	-0,126
118,1609	-0,119
118,2009	-0,113
118,2409	-0,102
118,2809	-0,088
118,3209	-0,066
118,3609	-0,035
118,4009	0,009
118,4409	0,069
118,4809	0,143
118,5209	0,232
118,5609	0,336
118,6009	0,454
118,6409	0,584
118,6809	0,726
118,7209	0,875
118,7609	1,030
118,8009	1,189
118,8409	1,349
118,8809	1,506
118,9209	1,659
118,9609	1,803
119,0009	1,937
119,0409	2,058
119,0809	2,161
119,1209	2,249
119,1609	2,315
119,2009	2,359
119,2409	2,380
119,2809	2,378
119,3209	2,353
119,3609	2,306
119,4009	2,238
119,4409	2,154
119,4809	2,048
119,5209	1,929
119,5609	1,795
119,6009	1,648
119,6409	1,492
119,6809	1,329
119,7209	1,161
119,7609	0,993
119,8009	0,825
119,8409	0,661
119,8809	0,504
119,9209	0,358
119,9609	0,223
120,0009	0,102
120,0409	-0,005
120,0809	-0,094
120,1209	-0,167
120,1609	-0,221
120,2009	-0,261
120,2409	-0,283
120,2809	-0,289
120,3209	-0,283
120,3609	-0,265
120,4009	-0,240
120,4409	-0,210
120,4809	-0,178
120,5209	-0,141
120,5609	-0,107
120,6009	-0,074
120,6409	-0,042
120,6809	-0,017
120,7209	0,003
120,7609	0,017
120,8009	0,024
120,8409	0,024
120,8809	0,017
120,9209	0,008
120,9609	-0,005
121,0009	-0,017
121,0409	-0,031
121,0809	-0,042
121,1209	-0,052
121,1609	-0,058
121,2009	-0,058
121,2409	-0,052
121,2809	-0,038
121,3209	-0,016
121,3609	0,013
121,4009	0,050
121,4409	0,099
121,4809	0,156
121,5209	0,225
121,5609	0,303
121,6009	0,391
121,6409	0,490
121,6809	0,597
121,7209	0,712
121,7609	0,834
121,8009	0,960
121,8409	1,090
121,8809	1,222
121,9209	1,354
121,9609	1,484
122,0009	1,610
122,0409	1,729
122,0809	1,841
122,1209	1,940
122,1609	2,028
122,2009	2,100
122,2409	2,157
122,2809	2,198
122,3209	2,218
122,3609	2,220
122,4009	2,202
122,4409	2,168
122,4809	2,121
122,5209	2,059
122,5609	1,985
122,6009	1,894
122,6409	1,789
122,6809	1,671
122,7209	1,541
122,7609	1,403
122,8009	1,257
122,8409	1,104
122,8809	0,950
122,9209	0,795
122,9609	0,641
123,0009	0,492
123,0409	0,349
123,0809	0,215
123,1209	0,093
123,1609	-0,017
123,2009	-0,115
123,2409	-0,196
123,2809	-0,264
123,3209	-0,316
123,3609	-0,352
123,4009	-0,374
123,4409	-0,382
123,4809	-0,377
123,5209	-0,363
123,5609	-0,341
123,6009	-0,319
123,6409	-0,295
123,6809	-0,275
123,7209	-0,256
123,7609	-0,242
123,8009	-0,232
123,8409	-0,228
123,8809	-0,228
123,9209	-0,228
123,9609	-0,228
124,0009	-0,228
124,0409	-0,228
124,0809	-0,228
124,1209	-0,228
124,1609	-0,226
124,2009	-0,225
124,2409	-0,220
124,2809	-0,214
124,3209	-0,201
124,3609	-0,182
124,4009	-0,154
124,4409	-0,112
124,4809	-0,055
124,5209	0,017
124,5609	0,105
124,6009	0,207
124,6409	0,325
124,6809	0,456
124,7209	0,595
124,7609	0,746
124,8009	0,903
124,8409	1,065
124,8809	1,228
124,9209	1,389
124,9609	1,547
125,0009	1,696
125,0409	1,838
125,0809	1,967
125,1209	2,080
125,1609	2,176
125,2009	2,253
125,2409	2,309
125,2809	2,344
125,3209	2,356
125,3609	2,345
125,4009	2,314
125,4409	2,264
125,4809	2,194
125,5209	2,106
125,5609	2,004
125,6009	1,887
125,6409	1,758
125,6809	1,618
125,7209	1,470
125,7609	1,318
125,8009	1,162
125,8409	1,007
125,8809	0,855
125,9209	0,705
125,9609	0,564
126,0009	0,434
126,0409	0,313
126,0809	0,206
126,1209	0,112
126,1609	0,033
126,2009	-0,031
126,2409	-0,082
126,2809	-0,116
126,3209	-0,137
126,3609	-0,145
126,4009	-0,141
126,4409	-0,130
126,4809	-0,112
126,5209	-0,091
126,5609	-0,071
126,6009	-0,052
126,6409	-0,036
126,6809	-0,024
126,7209	-0,017
126,7609	-0,017
126,8009	-0,022
126,8409	-0,030
126,8809	-0,039
126,9209	-0,053
126,9609	-0,068
127,0009	-0,082
127,0409	-0,096
127,0809	-0,110
127,1209	-0,121
127,1609	-0,127
127,2009	-0,130
127,2409	-0,129
127,2809	-0,121
127,3209	-0,107
127,3609	-0,085
127,4009	-0,055
127,4409	-0,019
127,4809	0,025
127,5209	0,079
127,5609	0,141
127,6009	0,214
127,6409	0,295
127,6809	0,386
127,7209	0,487
127,7609	0,594
127,8009	0,707
127,8409	0,825
127,8809	0,947
127,9209	1,071
127,9609	1,195
128,0009	1,319
128,0409	1,440
128,0809	1,557
128,1209	1,667
128,1609	1,770
128,2009	1,863
128,2409	1,945
128,2809	2,014
128,3209	2,069
128,3609	2,111
128,4009	2,136
128,4409	2,146
128,4809	2,139
128,5209	2,117
128,5609	2,081
128,6009	2,031
128,6409	1,967
128,6809	1,890
128,7209	1,802
128,7609	1,703
128,8009	1,593
128,8409	1,477
128,8809	1,352
128,9209	1,225
128,9609	1,093
129,0009	0,961
129,0409	0,829
129,0809	0,701
129,1209	0,575
129,1609	0,456
129,2009	0,344
129,2409	0,242
129,2809	0,148
129,3209	0,066
