Posizione angolare, Oscillazioni libere
Tempo ( s )	Posizione angolare ( rad )
0,0000	0,644
0,0400	0,999
0,0800	1,415
0,1200	1,882
0,1600	2,381
0,2000	2,901
0,2400	3,423
0,2800	3,933
0,3200	4,419
0,3600	4,863
0,4000	5,257
0,4400	5,589
0,4800	5,847
0,5200	6,022
0,5600	6,112
0,6000	6,117
0,6400	6,033
0,6800	5,868
0,7200	5,625
0,7600	5,312
0,8000	4,939
0,8400	4,513
0,8800	4,050
0,9200	3,559
0,9600	3,057
1,0000	2,556
1,0400	2,070
1,0800	1,615
1,1200	1,205
1,1600	0,851
1,2000	0,565
1,2400	0,355
1,2800	0,226
1,3200	0,182
1,3600	0,223
1,4000	0,347
1,4400	0,551
1,4800	0,828
1,5200	1,172
1,5600	1,568
1,6000	2,009
1,6400	2,482
1,6800	2,969
1,7200	3,459
1,7600	3,936
1,8000	4,389
1,8400	4,802
1,8800	5,165
1,9200	5,466
1,9600	5,700
2,0000	5,858
2,0400	5,934
2,0800	5,931
2,1200	5,847
2,1600	5,683
2,2000	5,449
2,2400	5,149
2,2800	4,791
2,3200	4,386
2,3600	3,944
2,4000	3,479
2,4400	3,003
2,4800	2,532
2,5200	2,077
2,5600	1,651
2,6000	1,269
2,6400	0,942
2,6800	0,682
2,7200	0,492
2,7600	0,379
2,8000	0,346
2,8400	0,394
2,8800	0,518
2,9200	0,718
2,9600	0,986
3,0000	1,316
3,0400	1,696
3,0800	2,116
3,1200	2,562
3,1600	3,022
3,2000	3,484
3,2400	3,933
3,2800	4,356
3,3200	4,741
3,3600	5,077
3,4000	5,355
3,4400	5,568
3,4800	5,708
3,5200	5,773
3,5600	5,760
3,6000	5,671
3,6400	5,509
3,6800	5,281
3,7200	4,990
3,7600	4,648
3,8000	4,260
3,8400	3,842
3,8800	3,402
3,9200	2,953
3,9600	2,510
4,0000	2,084
4,0400	1,689
4,0800	1,335
4,1200	1,034
4,1600	0,795
4,2000	0,624
4,2400	0,528
4,2800	0,507
4,3200	0,562
4,3600	0,691
4,4000	0,889
4,4400	1,151
4,4800	1,470
4,5200	1,835
4,5600	2,235
4,6000	2,659
4,6400	3,094
4,6800	3,528
4,7200	3,947
4,7600	4,342
4,8000	4,698
4,8400	5,008
4,8800	5,261
4,9200	5,449
4,9600	5,570
5,0000	5,619
5,0400	5,595
5,0800	5,498
5,1200	5,334
5,1600	5,108
5,2000	4,827
5,2400	4,496
5,2800	4,128
5,3200	3,729
5,3600	3,314
5,4000	2,893
5,4400	2,480
5,4800	2,083
5,5200	1,718
5,5600	1,395
5,6000	1,122
5,6400	0,906
5,6800	0,759
5,7200	0,680
5,7600	0,672
5,8000	0,737
5,8400	0,869
5,8800	1,065
5,9200	1,321
5,9600	1,629
6,0000	1,979
6,0400	2,359
6,0800	2,761
6,1200	3,170
6,1600	3,575
6,2000	3,965
6,2400	4,329
6,2800	4,656
6,3200	4,937
6,3600	5,163
6,4000	5,328
6,4400	5,429
6,4800	5,460
6,5200	5,424
6,5600	5,322
6,6000	5,155
6,6400	4,932
6,6800	4,657
6,7200	4,340
6,7600	3,987
6,8000	3,610
6,8400	3,219
6,8800	2,824
6,9200	2,439
6,9600	2,072
7,0000	1,737
7,0400	1,444
7,0800	1,199
7,1200	1,010
7,1600	0,884
7,2000	0,823
7,2400	0,831
7,2800	0,905
7,3200	1,043
7,3600	1,241
7,4000	1,492
7,4400	1,789
7,4800	2,124
7,5200	2,485
7,5600	2,864
7,6000	3,247
7,6400	3,624
7,6800	3,985
7,7200	4,318
7,7600	4,617
7,8000	4,869
7,8400	5,069
7,8800	5,212
7,9200	5,292
7,9600	5,308
8,0000	5,259
8,0400	5,151
8,0800	4,984
8,1200	4,764
8,1600	4,497
8,2000	4,192
8,2400	3,856
8,2800	3,500
8,3200	3,132
8,3600	2,765
8,4000	2,406
8,4400	2,069
8,4800	1,762
8,5200	1,497
8,5600	1,279
8,6000	1,115
8,6400	1,010
8,6800	0,968
8,7200	0,988
8,7600	1,070
8,8000	1,211
8,8400	1,404
8,8800	1,648
8,9200	1,932
8,9600	2,249
9,0000	2,590
9,0400	2,945
9,0800	3,302
9,1200	3,652
9,1600	3,984
9,2000	4,290
9,2400	4,558
9,2800	4,786
9,3200	4,964
9,3600	5,086
9,4000	5,149
9,4400	5,152
9,4800	5,097
9,5200	4,984
9,5600	4,819
9,6000	4,606
9,6400	4,350
9,6800	4,059
9,7200	3,742
9,7600	3,405
9,8000	3,061
9,8400	2,719
9,8800	2,389
9,9200	2,080
9,9600	1,800
10,0000	1,560
10,0400	1,367
10,0800	1,225
10,1200	1,139
10,1600	1,112
10,2000	1,142
10,2400	1,230
10,2800	1,371
10,3200	1,563
10,3600	1,797
10,4000	2,069
10,4400	2,369
10,4800	2,689
10,5200	3,021
10,5600	3,352
10,6000	3,674
10,6400	3,979
10,6800	4,257
10,7200	4,500
10,7600	4,703
10,8000	4,857
10,8400	4,959
10,8800	5,008
10,9200	5,000
10,9600	4,937
11,0000	4,822
11,0400	4,661
11,0800	4,455
11,1200	4,211
11,1600	3,936
11,2000	3,640
11,2400	3,327
11,2800	3,010
11,3200	2,695
11,3600	2,394
11,4000	2,113
11,4400	1,861
11,4800	1,646
11,5200	1,477
11,5600	1,354
11,6000	1,285
11,6400	1,269
11,6800	1,307
11,7200	1,396
11,7600	1,536
11,8000	1,720
11,8400	1,945
11,8800	2,201
11,9200	2,482
11,9600	2,779
12,0000	3,085
12,0400	3,388
12,0800	3,684
12,1200	3,962
12,1600	4,213
12,2000	4,430
12,2400	4,607
12,2800	4,741
12,3200	4,825
12,3600	4,858
12,4000	4,841
12,4400	4,774
12,4800	4,659
12,5200	4,500
12,5600	4,302
12,6000	4,072
12,6400	3,814
12,6800	3,536
12,7200	3,245
12,7600	2,953
12,8000	2,664
12,8400	2,391
12,8800	2,138
12,9200	1,913
12,9600	1,725
13,0000	1,576
13,0400	1,473
13,0800	1,422
13,1200	1,417
13,1600	1,464
13,2000	1,558
13,2400	1,696
13,2800	1,876
13,3200	2,089
13,3600	2,333
13,4000	2,595
13,4400	2,871
13,4800	3,153
13,5200	3,432
13,5600	3,699
13,6000	3,949
13,6400	4,172
13,6800	4,364
13,7200	4,516
13,7600	4,628
13,8000	4,695
13,8400	4,714
13,8800	4,686
13,9200	4,612
13,9600	4,497
14,0000	4,343
14,0400	4,155
14,0800	3,938
14,1200	3,698
14,1600	3,440
14,2000	3,175
14,2400	2,908
14,2800	2,648
14,3200	2,402
14,3600	2,177
14,4000	1,979
14,4400	1,814
14,4800	1,689
14,5200	1,605
14,5600	1,568
14,6000	1,576
14,6400	1,627
14,6800	1,723
14,7200	1,857
14,7600	2,026
14,8000	2,227
14,8400	2,452
14,8800	2,694
14,9200	2,945
14,9600	3,201
15,0000	3,451
15,0400	3,691
15,0800	3,913
15,1200	4,109
15,1600	4,276
15,2000	4,406
15,2400	4,497
15,2800	4,547
15,3200	4,557
15,3600	4,522
15,4000	4,447
15,4400	4,335
15,4800	4,189
15,5200	4,012
15,5600	3,811
15,6000	3,589
15,6400	3,355
15,6800	3,113
15,7200	2,871
15,7600	2,637
15,8000	2,417
15,8400	2,220
15,8800	2,047
15,9200	1,905
15,9600	1,800
16,0000	1,734
16,0400	1,709
16,0800	1,726
16,1200	1,783
16,1600	1,877
16,2000	2,007
16,2400	2,168
16,2800	2,355
16,3200	2,560
16,3600	2,782
16,4000	3,013
16,4400	3,244
16,4800	3,468
16,5200	3,680
16,5600	3,875
16,6000	4,046
16,6400	4,191
16,6800	4,301
16,7200	4,375
16,7600	4,411
16,8000	4,409
16,8400	4,370
16,8800	4,295
16,9200	4,186
16,9600	4,048
17,0000	3,883
17,0400	3,696
17,0800	3,493
17,1200	3,281
17,1600	3,063
17,2000	2,846
17,2400	2,639
17,2800	2,446
17,3200	2,273
17,3600	2,124
17,4000	2,004
17,4400	1,918
17,4800	1,866
17,5200	1,852
17,5600	1,876
17,6000	1,934
17,6400	2,026
17,6800	2,149
17,7200	2,298
17,7600	2,468
17,8000	2,656
17,8400	2,856
17,8800	3,061
17,9200	3,267
17,9600	3,467
18,0000	3,652
18,0400	3,822
18,0800	3,969
18,1200	4,092
18,1600	4,183
18,2000	4,243
18,2400	4,269
18,2800	4,260
18,3200	4,218
18,3600	4,145
18,4000	4,043
18,4400	3,916
18,4800	3,765
18,5200	3,596
18,5600	3,413
18,6000	3,222
18,6400	3,028
18,6800	2,837
18,7200	2,655
18,7600	2,485
18,8000	2,334
18,8400	2,207
18,8800	2,106
18,9200	2,036
18,9600	1,996
19,0000	1,990
19,0400	2,015
19,0800	2,073
19,1200	2,160
19,1600	2,271
19,2000	2,406
19,2400	2,560
19,2800	2,728
19,3200	2,906
19,3600	3,090
19,4000	3,270
19,4400	3,446
19,4800	3,610
19,5200	3,756
19,5600	3,883
19,6000	3,987
19,6400	4,064
19,6800	4,112
19,7200	4,130
19,7600	4,115
19,8000	4,073
19,8400	4,006
19,8800	3,911
19,9200	3,793
19,9600	3,658
20,0000	3,506
20,0400	3,344
20,0800	3,175
20,1200	3,005
20,1600	2,838
20,2000	2,680
20,2400	2,535
20,2800	2,406
20,3200	2,300
20,3600	2,216
20,4000	2,160
20,4400	2,132
20,4800	2,132
20,5200	2,158
20,5600	2,213
20,6000	2,292
20,6400	2,394
20,6800	2,515
20,7200	2,652
20,7600	2,801
20,8000	2,956
20,8400	3,115
20,8800	3,274
20,9200	3,424
20,9600	3,566
21,0000	3,691
21,0400	3,798
21,0800	3,885
21,1200	3,946
21,1600	3,984
21,2000	3,995
21,2400	3,977
21,2800	3,936
21,3200	3,870
21,3600	3,784
21,4000	3,679
21,4400	3,558
21,4800	3,424
21,5200	3,283
21,5600	3,135
21,6000	2,988
21,6400	2,843
21,6800	2,710
21,7200	2,586
21,7600	2,479
21,8000	2,391
21,8400	2,323
21,8800	2,281
21,9200	2,262
21,9600	2,268
22,0000	2,298
22,0400	2,350
22,0800	2,422
22,1200	2,515
22,1600	2,623
22,2000	2,744
22,2400	2,875
22,2800	3,008
22,3200	3,145
22,3600	3,278
22,4000	3,407
22,4400	3,523
22,4800	3,627
22,5200	3,715
22,5600	3,781
22,6000	3,828
22,6400	3,853
22,6800	3,855
22,7200	3,834
22,7600	3,793
22,8000	3,732
22,8400	3,654
22,8800	3,561
22,9200	3,456
22,9600	3,341
23,0000	3,219
23,0400	3,093
23,0800	2,969
23,1200	2,849
23,1600	2,739
23,2000	2,639
23,2400	2,554
23,2800	2,487
23,3200	2,436
23,3600	2,406
23,4000	2,397
23,4400	2,410
23,4800	2,443
23,5200	2,491
23,5600	2,559
23,6000	2,639
23,6400	2,733
23,6800	2,837
23,7200	2,947
23,7600	3,060
23,8000	3,171
23,8400	3,280
23,8800	3,382
23,9200	3,475
23,9600	3,555
24,0000	3,619
24,0400	3,666
24,0800	3,696
24,1200	3,707
24,1600	3,699
24,2000	3,676
24,2400	3,635
24,2800	3,580
24,3200	3,511
24,3600	3,429
24,4000	3,341
24,4400	3,245
24,4800	3,146
24,5200	3,047
24,5600	2,950
24,6000	2,857
24,6400	2,774
24,6800	2,700
24,7200	2,641
24,7600	2,593
24,8000	2,562
24,8400	2,548
24,8800	2,551
24,9200	2,570
24,9600	2,604
25,0000	2,652
25,0400	2,711
25,0800	2,780
25,1200	2,859
25,1600	2,942
25,2000	3,030
25,2400	3,118
25,2800	3,204
25,3200	3,286
25,3600	3,360
25,4000	3,426
25,4400	3,482
25,4800	3,525
25,5200	3,555
25,5600	3,569
25,6000	3,567
25,6400	3,553
25,6800	3,526
25,7200	3,489
25,7600	3,438
25,8000	3,380
25,8400	3,313
25,8800	3,241
25,9200	3,165
25,9600	3,090
26,0000	3,014
26,0400	2,944
26,0800	2,876
26,1200	2,816
26,1600	2,768
26,2000	2,728
26,2400	2,702
26,2800	2,688
26,3200	2,686
26,3600	2,695
26,4000	2,717
26,4400	2,750
26,4800	2,791
26,5200	2,842
26,5600	2,897
26,6000	2,956
26,6400	3,019
26,6800	3,082
26,7200	3,146
26,7600	3,206
26,8000	3,263
26,8400	3,313
26,8800	3,354
26,9200	3,388
26,9600	3,412
27,0000	3,426
27,0400	3,429
27,0800	3,421
27,1200	3,402
27,1600	3,377
27,2000	3,344
27,2400	3,305
27,2800	3,261
27,3200	3,212
27,3600	3,162
27,4000	3,112
27,4400	3,063
27,4800	3,018
27,5200	2,978
27,5600	2,942
27,6000	2,914
27,6400	2,895
27,6800	2,882
27,7200	2,881
27,7600	2,884
27,8000	2,895
27,8400	2,911
27,8800	2,931
27,9200	2,956
27,9600	2,985
28,0000	3,016
28,0400	3,047
28,0800	3,079
28,1200	3,109
28,1600	3,137
28,2000	3,164
28,2400	3,187
28,2800	3,208
28,3200	3,222
28,3600	3,231
28,4000	3,234
28,4400	3,234
28,4800	3,230
28,5200	3,222
28,5600	3,209
28,6000	3,195
28,6400	3,178
28,6800	3,159
28,7200	3,140
28,7600	3,120
28,8000	3,101
28,8400	3,080
28,8800	3,061
28,9200	3,046
28,9600	3,032
29,0000	3,021
29,0400	3,013
29,0800	3,008
29,1200	3,005
29,1600	3,007
29,2000	3,011
29,2400	3,018
29,2800	3,027
29,3200	3,038
29,3600	3,049
29,4000	3,060
29,4400	3,072
29,4800	3,087
29,5200	3,099
29,5600	3,110
29,6000	3,120
29,6400	3,127
29,6800	3,132
29,7200	3,135
29,7600	3,137
29,8000	3,137
29,8400	3,135
29,8800	3,132
29,9200	3,127
29,9600	3,124
30,0000	3,121
30,0400	3,116
30,0800	3,113
30,1200	3,109
30,1600	3,104
30,2000	3,101
30,2400	3,099
30,2800	3,098
30,3200	3,098
30,3600	3,096
30,4000	3,096
30,4400	3,096
30,4800	3,098
30,5200	3,099
30,5600	3,101
30,6000	3,101
30,6400	3,102
30,6800	3,102
30,7200	3,102
30,7600	3,104
30,8000	3,104
30,8400	3,105
30,8800	3,105
30,9200	3,105
30,9600	3,105
31,0000	3,105
31,0400	3,105
31,0800	3,105
31,1200	3,105
31,1600	3,104
31,2000	3,104
31,2400	3,104
31,2800	3,104
31,3200	3,104
31,3600	3,104
31,4000	3,104
31,4400	3,104
31,4800	3,104
31,5200	3,104
31,5600	3,104
31,6000	3,104
31,6400	3,104
31,6800	3,104
31,7200	3,104
31,7600	3,104
31,8000	3,104
31,8400	3,104
31,8800	3,104
31,9200	3,104
31,9600	3,104
32,0000	3,104
32,0400	3,104
32,0800	3,104
32,1200	3,104
32,1600	3,104
32,2000	3,104
32,2400	3,104
32,2800	3,104
32,3200	3,104
32,3600	3,104
32,4000	3,104
32,4400	3,104
32,4800	3,104
32,5200	3,104
32,5600	3,104
32,6000	3,104
32,6400	3,104
32,6800	3,104
32,7200	3,104
32,7600	3,104
32,8000	3,104
32,8400	3,104
32,8800	3,104
32,9200	3,104
32,9600	3,104
33,0000	3,104
33,0400	3,104
33,0800	3,104
33,1200	3,104
33,1600	3,104
33,2000	3,104
33,2400	3,104
33,2800	3,104
33,3200	3,104
33,3600	3,104
33,4000	3,104
33,4400	3,104
33,4800	3,104
33,5200	3,104
33,5600	3,104
33,6000	3,104
33,6400	3,104
33,6800	3,104
33,7200	3,104
33,7600	3,104
33,8000	3,104
33,8400	3,104
33,8800	3,104
