Posizione angolare, Oscillazioni forzate 3.70 V
Tempo ( s )	Posizione angolare ( rad )
0,0556	2,769
0,0956	3,702
0,1356	4,678
0,1756	5,674
0,2156	6,660
0,2556	7,614
0,2956	8,512
0,3356	9,335
0,3756	10,063
0,4156	10,677
0,4556	11,159
0,4956	11,498
0,5356	11,684
0,5756	11,710
0,6156	11,575
0,6556	11,283
0,6956	10,842
0,7356	10,259
0,7756	9,555
0,8156	8,759
0,8556	7,887
0,8956	6,952
0,9356	5,972
0,9756	4,970
1,0156	3,974
1,0556	3,013
1,0956	2,113
1,1356	1,293
1,1756	0,572
1,2156	-0,030
1,2556	-0,496
1,2956	-0,817
1,3356	-0,979
1,3756	-0,980
1,4156	-0,822
1,4556	-0,507
1,4956	-0,047
1,5356	0,550
1,5756	1,264
1,6156	2,083
1,6556	2,983
1,6956	3,944
1,7356	4,943
1,7756	5,955
1,8156	6,951
1,8556	7,903
1,8956	8,795
1,9356	9,605
1,9756	10,312
2,0156	10,898
2,0556	11,347
2,0956	11,647
2,1356	11,789
2,1756	11,768
2,2156	11,585
2,2556	11,244
2,2956	10,752
2,3356	10,122
2,3756	9,378
2,4156	8,547
2,4556	7,643
2,4956	6,681
2,5356	5,678
2,5756	4,662
2,6156	3,660
2,6556	2,703
2,6956	1,814
2,7356	1,013
2,7756	0,319
2,8156	-0,250
2,8556	-0,677
2,8956	-0,952
2,9356	-1,067
2,9756	-1,018
3,0156	-0,806
3,0556	-0,440
3,0956	0,071
3,1356	0,715
3,1756	1,473
3,2156	2,329
3,2556	3,261
3,2956	4,251
3,3356	5,268
3,3756	6,289
3,4156	7,287
3,4556	8,236
3,4956	9,115
3,5356	9,905
3,5756	10,586
3,6156	11,137
3,6556	11,545
3,6956	11,797
3,7356	11,886
3,7756	11,809
3,8156	11,569
3,8556	11,170
3,8956	10,622
3,9356	9,938
3,9756	9,137
4,0156	8,239
4,0556	7,263
4,0956	6,234
4,1356	5,177
4,1756	4,120
4,2156	3,093
4,2556	2,124
4,2956	1,238
4,3356	0,457
4,3756	-0,199
4,4156	-0,716
4,4556	-1,079
4,4956	-1,277
4,5356	-1,304
4,5756	-1,161
4,6156	-0,851
4,6556	-0,385
4,6956	0,225
4,7356	0,963
4,7756	1,811
4,8156	2,749
4,8556	3,756
4,8956	4,803
4,9356	5,868
4,9756	6,916
5,0156	7,926
5,0556	8,872
5,0956	9,734
5,1356	10,490
5,1756	11,118
5,2156	11,602
5,2556	11,930
5,2956	12,090
5,3356	12,079
5,3756	11,897
5,4156	11,548
5,4556	11,041
5,4956	10,388
5,5356	9,609
5,5756	8,735
5,6156	7,788
5,6556	6,780
5,6956	5,729
5,7356	4,664
5,7756	3,614
5,8156	2,612
5,8556	1,682
5,8956	0,844
5,9356	0,119
5,9756	-0,474
6,0156	-0,922
6,0556	-1,208
6,0956	-1,326
6,1356	-1,272
6,1756	-1,051
6,2156	-0,666
6,2556	-0,129
6,2956	0,543
6,3356	1,337
6,3756	2,229
6,4156	3,200
6,4556	4,227
6,4956	5,284
6,5356	6,343
6,5756	7,373
6,6156	8,353
6,6556	9,261
6,6956	10,075
6,7356	10,773
6,7756	11,335
6,8156	11,748
6,8556	12,001
6,8956	12,084
6,9356	11,996
6,9756	11,740
7,0156	11,322
7,0556	10,752
7,0956	10,044
7,1356	9,224
7,1756	8,325
7,2156	7,361
7,2556	6,341
7,2956	5,294
7,3356	4,244
7,3756	3,222
7,4156	2,257
7,4556	1,370
7,4956	0,583
7,5356	-0,083
7,5756	-0,614
7,6156	-0,993
7,6556	-1,211
7,6956	-1,260
7,7356	-1,140
7,7756	-0,856
7,8156	-0,416
7,8556	0,168
7,8956	0,878
7,9356	1,700
7,9756	2,611
8,0156	3,591
8,0556	4,617
8,0956	5,661
8,1356	6,695
8,1756	7,691
8,2156	8,630
8,2556	9,488
8,2956	10,246
8,3356	10,884
8,3756	11,385
8,4156	11,735
8,4556	11,925
8,4956	11,949
8,5356	11,808
8,5756	11,503
8,6156	11,044
8,6556	10,441
8,6956	9,711
8,7356	8,881
8,7756	7,983
8,8156	7,023
8,8556	6,019
8,8956	4,992
8,9356	3,974
8,9756	2,992
9,0156	2,077
9,0556	1,247
9,0956	0,518
9,1356	-0,090
9,1756	-0,559
9,2156	-0,881
9,2556	-1,045
9,2956	-1,046
9,3356	-0,884
9,3756	-0,567
9,4156	-0,104
9,4556	0,496
9,4956	1,214
9,5356	2,034
9,5756	2,934
9,6156	3,897
9,6556	4,896
9,6956	5,906
9,7356	6,899
9,7756	7,849
9,8156	8,738
9,8556	9,546
9,8956	10,251
9,9356	10,835
9,9756	11,285
10,0156	11,588
10,0556	11,734
10,0956	11,721
10,1356	11,550
10,1756	11,225
10,2156	10,752
10,2556	10,143
10,2956	9,415
10,3356	8,586
10,3756	7,676
10,4156	6,707
10,4556	5,699
10,4956	4,679
10,5356	3,677
10,5756	2,719
10,6156	1,835
10,6556	1,040
10,6956	0,352
10,7356	-0,210
10,7756	-0,633
10,8156	-0,905
10,8556	-1,019
10,8956	-0,972
10,9356	-0,765
10,9756	-0,408
11,0156	0,091
11,0556	0,719
11,0956	1,459
11,1356	2,292
11,1756	3,200
11,2156	4,159
11,2556	5,148
11,2956	6,139
11,3356	7,105
11,3756	8,024
11,4156	8,875
11,4556	9,640
11,4956	10,301
11,5356	10,840
11,5756	11,244
11,6156	11,503
11,6556	11,608
11,6956	11,559
11,7356	11,357
11,7756	11,005
11,8156	10,515
11,8556	9,894
11,8956	9,164
11,9356	8,339
11,9756	7,439
12,0156	6,486
12,0556	5,501
12,0956	4,510
12,1356	3,541
12,1756	2,620
12,2156	1,772
12,2556	1,015
12,2956	0,366
12,3356	-0,157
12,3756	-0,543
12,4156	-0,781
12,4556	-0,864
12,4956	-0,792
12,5356	-0,565
12,5756	-0,195
12,6156	0,313
12,6556	0,941
12,6956	1,676
12,7356	2,499
12,7756	3,393
12,8156	4,332
12,8556	5,297
12,8956	6,260
12,9356	7,196
12,9756	8,083
13,0156	8,902
13,0556	9,634
13,0956	10,262
13,1356	10,771
13,1756	11,146
13,2156	11,379
13,2556	11,462
13,2956	11,395
13,3356	11,179
13,3756	10,820
13,4156	10,328
13,4556	9,719
13,4956	9,021
13,5356	8,258
13,5756	7,439
13,6156	6,568
13,6556	5,663
13,6956	4,745
13,7356	3,842
13,7756	2,980
13,8156	2,180
13,8556	1,462
13,8956	0,840
13,9356	0,328
13,9756	-0,060
14,0156	-0,313
14,0556	-0,424
14,0956	-0,393
14,1356	-0,218
14,1756	0,091
14,2156	0,531
14,2556	1,085
14,2956	1,745
14,3356	2,491
14,3756	3,308
14,4156	4,177
14,4556	5,074
14,4956	5,978
14,5356	6,866
14,5756	7,714
14,6156	8,504
14,6556	9,221
14,6956	9,844
14,7356	10,361
14,7756	10,757
14,8156	11,022
14,8556	11,146
14,8956	11,129
14,9356	10,969
14,9756	10,669
15,0156	10,240
15,0556	9,692
15,0956	9,049
15,1356	8,335
15,1756	7,560
15,2156	6,731
15,2556	5,862
15,2956	4,975
15,3356	4,093
15,3756	3,242
15,4156	2,447
15,4556	1,728
15,4956	1,096
15,5356	0,570
15,5756	0,162
15,6156	-0,118
15,6556	-0,261
15,6956	-0,264
15,7356	-0,129
15,7756	0,141
15,8156	0,540
15,8556	1,056
15,8956	1,676
15,9356	2,386
15,9756	3,170
16,0156	4,010
16,0556	4,885
16,0956	5,773
16,1356	6,651
16,1756	7,497
16,2156	8,292
16,2556	9,018
16,2956	9,656
16,3356	10,193
16,3756	10,614
16,4156	10,908
16,4556	11,063
16,4956	11,079
16,5356	10,952
16,5756	10,686
16,6156	10,287
16,6556	9,767
16,6956	9,148
16,7356	8,454
16,7756	7,697
16,8156	6,882
16,8556	6,021
16,8956	5,137
16,9356	4,254
16,9756	3,394
17,0156	2,586
17,0556	1,847
17,0956	1,194
17,1356	0,642
17,1756	0,206
17,2156	-0,104
17,2556	-0,276
17,2956	-0,309
17,3356	-0,201
17,3756	0,046
17,4156	0,426
17,4556	0,927
17,4956	1,538
17,5356	2,245
17,5756	3,030
17,6156	3,878
17,6556	4,767
17,6956	5,675
17,7356	6,577
17,7756	7,450
17,8156	8,275
17,8556	9,032
17,8956	9,704
17,9356	10,271
17,9756	10,722
18,0156	11,041
18,0556	11,219
18,0956	11,248
18,1356	11,131
18,1756	10,868
18,2156	10,465
18,2556	9,931
18,2956	9,282
18,3356	8,544
18,3756	7,739
18,4156	6,874
18,4556	5,963
18,4956	5,027
18,5356	4,093
18,5756	3,190
18,6156	2,344
18,6556	1,572
18,6956	0,892
18,7356	0,322
18,7756	-0,123
18,8156	-0,430
18,8556	-0,592
18,8956	-0,605
18,9356	-0,467
18,9756	-0,182
19,0156	0,243
19,0556	0,796
19,0956	1,466
19,1356	2,234
19,1756	3,083
19,2156	3,995
19,2556	4,948
19,2956	5,914
19,3356	6,871
19,3756	7,791
19,4156	8,657
19,4556	9,445
19,4956	10,136
19,5356	10,713
19,5756	11,159
19,6156	11,459
19,6556	11,605
19,6956	11,592
19,7356	11,420
19,7756	11,090
19,8156	10,611
19,8556	9,993
19,8956	9,255
19,9356	8,423
19,9756	7,515
20,0156	6,547
20,0556	5,540
20,0956	4,519
20,1356	3,515
20,1756	2,560
20,2156	1,678
20,2556	0,884
20,2956	0,203
20,3356	-0,352
20,3756	-0,763
20,4156	-1,018
20,4556	-1,109
20,4956	-1,034
20,5356	-0,793
20,5756	-0,394
20,6156	0,151
20,6556	0,828
20,6956	1,623
20,7356	2,515
20,7756	3,484
20,8156	4,507
20,8556	5,556
20,8956	6,604
20,9356	7,622
20,9756	8,588
21,0156	9,477
21,0556	10,268
21,0956	10,941
21,1356	11,473
21,1756	11,852
21,2156	12,065
21,2556	12,105
21,2956	11,969
21,3356	11,663
21,3756	11,192
21,4156	10,567
21,4556	9,803
21,4956	8,924
21,5356	7,950
21,5756	6,907
21,6156	5,817
21,6556	4,706
21,6956	3,608
21,7356	2,557
21,7756	1,580
21,8156	0,697
21,8556	-0,068
21,8956	-0,697
21,9356	-1,173
21,9756	-1,480
22,0156	-1,608
22,0556	-1,557
22,0956	-1,326
22,1356	-0,920
22,1756	-0,355
22,2156	0,357
22,2556	1,194
22,2956	2,138
22,3356	3,167
22,3756	4,257
22,4156	5,378
22,4556	6,500
22,4956	7,593
22,5356	8,632
22,5756	9,590
22,6156	10,447
22,6556	11,179
22,6956	11,764
22,7356	12,186
22,7756	12,433
22,8156	12,497
22,8556	12,378
22,8956	12,078
22,9356	11,603
22,9756	10,966
23,0156	10,182
23,0556	9,279
23,0956	8,294
23,1356	7,243
23,1756	6,140
23,2156	5,011
23,2556	3,886
23,2956	2,799
23,3356	1,780
23,3756	0,851
23,4156	0,035
23,4556	-0,647
23,4956	-1,177
23,5356	-1,538
23,5756	-1,718
23,6156	-1,717
23,6556	-1,533
23,6956	-1,170
23,7356	-0,641
23,7756	0,041
23,8156	0,856
23,8556	1,784
23,8956	2,805
23,9356	3,892
23,9756	5,020
24,0156	6,158
24,0556	7,273
24,0956	8,338
24,1356	9,331
24,1756	10,227
24,2156	11,003
24,2556	11,638
24,2956	12,112
24,3356	12,414
24,3756	12,537
24,4156	12,474
24,4556	12,229
24,4956	11,806
24,5356	11,217
24,5756	10,477
24,6156	9,604
24,6556	8,621
24,6956	7,556
24,7356	6,432
24,7756	5,276
24,8156	4,119
24,8556	2,994
24,8956	1,935
24,9356	0,966
24,9756	0,108
25,0156	-0,617
25,0556	-1,191
25,0956	-1,596
25,1356	-1,819
25,1756	-1,857
25,2156	-1,707
25,2556	-1,376
25,2956	-0,872
25,3356	-0,210
25,3756	0,591
25,4156	1,511
25,4556	2,527
25,4956	3,616
25,5356	4,753
25,5756	5,905
25,6156	7,039
25,6556	8,129
25,6956	9,148
25,7356	10,077
25,7756	10,887
25,8156	11,559
25,8556	12,075
25,8956	12,417
25,9356	12,581
25,9756	12,560
26,0156	12,357
26,0556	11,976
26,0956	11,424
26,1356	10,718
26,1756	9,871
26,2156	8,911
26,2556	7,862
26,2956	6,750
26,3356	5,595
26,3756	4,433
26,4156	3,296
26,4556	2,218
26,4956	1,225
26,5356	0,338
26,5756	-0,423
26,6156	-1,037
26,6556	-1,488
26,6956	-1,759
26,7356	-1,847
26,7756	-1,750
26,8156	-1,470
26,8556	-1,016
26,8956	-0,401
26,9356	0,358
26,9756	1,243
27,0156	2,227
27,0556	3,289
27,0956	4,408
27,1356	5,548
27,1756	6,682
27,2156	7,779
27,2556	8,814
27,2956	9,763
27,3356	10,603
27,3756	11,311
27,4156	11,871
27,4556	12,263
27,4956	12,480
27,5356	12,515
27,5756	12,367
27,6156	12,040
27,6556	11,544
27,6956	10,887
27,7356	10,091
27,7756	9,173
27,8156	8,160
27,8556	7,076
27,8956	5,947
27,9356	4,799
27,9756	3,663
28,0156	2,578
28,0556	1,569
28,0956	0,657
28,1356	-0,137
28,1756	-0,790
28,2156	-1,286
28,2556	-1,610
28,2956	-1,756
28,3356	-1,717
28,3756	-1,497
28,4156	-1,101
28,4556	-0,543
28,4956	0,163
28,5356	0,997
28,5756	1,938
28,6156	2,963
28,6556	4,048
28,6956	5,168
28,7356	6,288
28,7756	7,380
28,8156	8,418
28,8556	9,379
28,8956	10,240
28,9356	10,981
28,9756	11,580
29,0156	12,021
29,0556	12,295
29,0956	12,390
29,1356	12,310
29,1756	12,054
29,2156	11,630
29,2556	11,046
29,2956	10,319
29,3356	9,466
29,3756	8,511
29,4156	7,477
29,4556	6,390
29,4956	5,273
29,5356	4,156
29,5756	3,074
29,6156	2,058
29,6556	1,129
29,6956	0,308
29,7356	-0,385
29,7756	-0,933
29,8156	-1,319
29,8556	-1,533
29,8956	-1,571
29,9356	-1,429
29,9756	-1,117
30,0156	-0,641
30,0556	-0,016
30,0956	0,741
30,1356	1,610
30,1756	2,571
30,2156	3,600
30,2556	4,673
30,2956	5,762
30,3356	6,835
30,3756	7,865
30,4156	8,831
30,4556	9,712
30,4956	10,483
30,5356	11,129
30,5756	11,629
30,6156	11,971
30,6556	12,147
30,6956	12,152
30,7356	11,985
30,7756	11,652
30,8156	11,161
30,8556	10,524
30,8956	9,758
30,9356	8,881
30,9756	7,920
31,0156	6,899
31,0556	5,837
31,0956	4,760
31,1356	3,698
31,1756	2,683
31,2156	1,742
31,2556	0,895
31,2956	0,162
31,3356	-0,441
31,3756	-0,898
31,4156	-1,195
31,4556	-1,324
31,4956	-1,283
31,5356	-1,073
31,5756	-0,701
31,6156	-0,178
31,6556	0,482
31,6956	1,260
31,7356	2,136
31,7756	3,090
31,8156	4,103
31,8556	5,146
31,8956	6,191
31,9356	7,210
31,9756	8,181
32,0156	9,081
32,0556	9,890
32,0956	10,587
32,1356	11,154
32,1756	11,578
32,2156	11,847
32,2556	11,951
32,2956	11,891
32,3356	11,665
32,3756	11,281
32,4156	10,749
32,4556	10,080
32,4956	9,294
32,5356	8,410
32,5756	7,452
32,6156	6,442
32,6556	5,399
32,6956	4,353
32,7356	3,333
32,7756	2,367
32,8156	1,478
32,8556	0,686
32,8956	0,014
32,9356	-0,526
32,9756	-0,917
33,0156	-1,148
33,0556	-1,213
33,0956	-1,111
33,1356	-0,844
33,1756	-0,423
33,2156	0,143
33,2556	0,836
33,2956	1,638
33,3356	2,534
33,3756	3,500
33,4156	4,513
33,4556	5,548
33,4956	6,575
33,5356	7,570
33,5756	8,507
33,6156	9,368
33,6556	10,130
33,6956	10,777
33,7356	11,291
33,7756	11,655
33,8156	11,863
33,8556	11,905
33,8956	11,784
33,9356	11,500
33,9756	11,060
34,0156	10,477
34,0556	9,767
34,0956	8,957
34,1356	8,075
34,1756	7,136
34,2156	6,148
34,2556	5,135
34,2956	4,123
34,3356	3,145
34,3756	2,221
34,4156	1,378
34,4556	0,635
34,4956	0,008
34,5356	-0,485
34,5756	-0,831
34,6156	-1,019
34,6556	-1,046
34,6956	-0,909
34,7356	-0,616
34,7756	-0,171
34,8156	0,410
34,8556	1,115
34,8956	1,924
34,9356	2,821
34,9756	3,782
35,0156	4,785
35,0556	5,804
35,0956	6,811
35,1356	7,780
35,1756	8,691
35,2156	9,522
35,2556	10,253
35,2956	10,864
35,3356	11,340
35,3756	11,665
35,4156	11,833
35,4556	11,838
35,4956	11,677
35,5356	11,357
35,5756	10,882
35,6156	10,268
35,6556	9,528
35,6956	8,682
35,7356	7,750
35,7756	6,758
35,8156	5,724
35,8556	4,675
35,8956	3,641
35,9356	2,653
35,9756	1,736
36,0156	0,911
36,0556	0,196
36,0956	-0,388
36,1356	-0,829
36,1756	-1,112
36,2156	-1,228
36,2556	-1,178
36,2956	-0,960
36,3356	-0,581
36,3756	-0,055
36,4156	0,608
36,4556	1,387
36,4956	2,265
36,5356	3,222
36,5756	4,233
36,6156	5,276
36,6556	6,319
36,6956	7,337
36,7356	8,305
36,7756	9,200
36,8156	10,003
36,8556	10,694
36,8956	11,252
36,9356	11,663
36,9756	11,916
37,0156	12,004
37,0556	11,924
37,0956	11,676
37,1356	11,267
37,1756	10,710
37,2156	10,015
37,2556	9,203
37,2956	8,302
37,3356	7,339
37,3756	6,324
37,4156	5,278
37,4556	4,232
37,4956	3,214
37,5356	2,251
37,5756	1,367
37,6156	0,583
37,6556	-0,082
37,6956	-0,609
37,7356	-0,985
37,7756	-1,200
37,8156	-1,246
37,8556	-1,123
37,8956	-0,836
37,9356	-0,391
37,9756	0,195
38,0156	0,911
38,0556	1,736
38,0956	2,652
38,1356	3,636
38,1756	4,667
38,2156	5,715
38,2556	6,751
38,2956	7,752
38,3356	8,693
38,3756	9,554
38,4156	10,312
38,4556	10,950
38,4956	11,448
38,5356	11,794
38,5756	11,977
38,6156	11,995
38,6556	11,842
38,6956	11,527
38,7356	11,054
38,7756	10,436
38,8156	9,689
38,8556	8,833
38,8956	7,890
38,9356	6,885
38,9756	5,837
39,0156	4,772
39,0556	3,720
39,0956	2,711
39,1356	1,773
39,1756	0,927
39,2156	0,190
39,2556	-0,416
39,2956	-0,877
39,3356	-1,178
39,3756	-1,312
39,4156	-1,274
39,4556	-1,067
39,4956	-0,697
39,5356	-0,176
39,5756	0,484
39,6156	1,264
39,6556	2,146
39,6956	3,105
39,7356	4,126
39,7756	5,177
39,8156	6,233
39,8556	7,265
39,8956	8,245
39,9356	9,156
39,9756	9,975
40,0156	10,681
40,0556	11,255
40,0956	11,684
40,1356	11,951
40,1756	12,053
40,2156	11,985
40,2556	11,751
40,2956	11,354
40,3356	10,806
40,3756	10,119
40,4156	9,318
40,4556	8,435
40,4956	7,490
40,5356	6,489
40,5756	5,455
40,6156	4,414
40,6556	3,396
40,6956	2,428
40,7356	1,536
40,7756	0,740
40,8156	0,058
40,8556	-0,490
40,8956	-0,891
40,9356	-1,133
40,9756	-1,210
41,0156	-1,115
41,0556	-0,859
41,0956	-0,445
41,1356	0,116
41,1756	0,807
41,2156	1,612
41,2556	2,512
41,2956	3,482
41,3356	4,505
41,3756	5,551
41,4156	6,591
41,4556	7,598
41,4956	8,550
41,5356	9,425
41,5756	10,202
41,6156	10,860
41,6556	11,384
41,6956	11,756
41,7356	11,966
41,7756	12,010
41,8156	11,885
41,8556	11,594
41,8956	11,143
41,9356	10,545
41,9756	9,814
42,0156	8,969
42,0556	8,031
42,0956	7,028
42,1356	5,977
42,1756	4,904
42,2156	3,841
42,2556	2,820
42,2956	1,868
42,3356	1,005
42,3756	0,251
42,4156	-0,374
42,4556	-0,853
42,4956	-1,177
42,5356	-1,330
42,5756	-1,313
42,6156	-1,125
42,6556	-0,773
42,6956	-0,265
42,7356	0,380
42,7756	1,150
42,8156	2,023
42,8556	2,980
42,8956	3,996
42,9356	5,050
42,9756	6,109
43,0156	7,146
43,0556	8,135
43,0956	9,056
43,1356	9,885
43,1756	10,604
43,2156	11,195
43,2556	11,638
43,2956	11,924
43,3356	12,045
43,3756	11,998
43,4156	11,783
43,4556	11,407
43,4956	10,879
43,5356	10,212
43,5756	9,425
43,6156	8,548
43,6556	7,611
43,6956	6,619
43,7356	5,592
43,7756	4,555
43,8156	3,539
43,8556	2,570
43,8956	1,674
43,9356	0,873
43,9756	0,184
44,0156	-0,375
44,0556	-0,792
44,0956	-1,051
44,1356	-1,147
44,1756	-1,078
44,2156	-0,847
44,2556	-0,460
44,2956	0,071
44,3356	0,732
44,3756	1,506
44,4156	2,375
44,4556	3,316
44,4956	4,310
44,5356	5,330
44,5756	6,348
44,6156	7,336
44,6556	8,273
44,6956	9,139
44,7356	9,910
44,7756	10,571
44,8156	11,104
44,8556	11,495
44,8956	11,732
44,9356	11,811
44,9756	11,728
45,0156	11,486
45,0556	11,090
45,0956	10,553
45,1356	9,887
45,1756	9,114
45,2156	8,269
45,2556	7,367
45,2956	6,415
45,3356	5,432
45,3756	4,445
45,4156	3,481
45,4556	2,567
45,4956	1,725
45,5356	0,974
45,5756	0,333
45,6156	-0,182
45,6556	-0,558
45,6956	-0,785
45,7356	-0,858
45,7756	-0,774
45,8156	-0,540
45,8556	-0,159
45,8956	0,360
45,9356	0,999
45,9756	1,745
46,0156	2,579
46,0556	3,481
46,0956	4,430
46,1356	5,402
46,1756	6,370
46,2156	7,310
46,2556	8,200
46,2956	9,021
46,3356	9,752
46,3756	10,377
46,4156	10,879
46,4556	11,245
46,4956	11,468
46,5356	11,539
46,5756	11,457
46,6156	11,223
46,6556	10,845
46,6956	10,331
46,7356	9,692
46,7756	8,947
46,8156	8,113
46,8556	7,213
46,8956	6,263
46,9356	5,287
46,9756	4,312
47,0156	3,363
47,0556	2,471
47,0956	1,657
47,1356	0,936
47,1756	0,328
47,2156	-0,154
47,2556	-0,496
47,2956	-0,693
47,3356	-0,738
47,3756	-0,631
47,4156	-0,377
47,4556	0,019
47,4956	0,545
47,5356	1,188
47,5756	1,932
47,6156	2,758
47,6556	3,647
47,6956	4,580
47,7356	5,531
47,7756	6,475
47,8156	7,387
47,8556	8,247
47,8956	9,037
47,9356	9,737
47,9756	10,331
48,0156	10,806
48,0556	11,145
48,0956	11,343
48,1356	11,395
48,1756	11,296
48,2156	11,052
48,2556	10,669
48,2956	10,154
48,3356	9,525
48,3756	8,809
48,4156	8,033
48,4556	7,201
48,4956	6,319
48,5356	5,411
48,5756	4,497
48,6156	3,605
48,6556	2,758
48,6956	1,979
48,7356	1,286
48,7756	0,693
48,8156	0,215
48,8556	-0,135
48,8956	-0,349
48,9356	-0,419
48,9756	-0,349
49,0156	-0,135
49,0556	0,212
49,0956	0,685
49,1356	1,271
49,1756	1,956
49,2156	2,722
49,2556	3,555
49,2956	4,433
49,3356	5,333
49,3756	6,233
49,4156	7,109
49,4556	7,942
49,4956	8,713
49,5356	9,401
49,5756	9,995
49,6156	10,477
49,6556	10,835
49,6956	11,060
49,7356	11,145
49,7756	11,088
49,8156	10,890
49,8556	10,556
49,8956	10,096
49,9356	9,524
49,9756	8,862
50,0156	8,135
50,0556	7,353
50,0956	6,517
50,1356	5,647
50,1756	4,766
50,2156	3,897
50,2556	3,063
50,2956	2,289
50,3356	1,591
50,3756	0,986
50,4156	0,489
50,4556	0,108
50,4956	-0,140
50,5356	-0,251
50,5756	-0,226
50,6156	-0,061
50,6556	0,236
50,6956	0,658
50,7356	1,195
50,7756	1,833
50,8156	2,557
50,8556	3,351
50,8956	4,194
50,9356	5,069
50,9756	5,950
51,0156	6,817
51,0556	7,645
51,0956	8,421
51,1356	9,123
51,1756	9,736
51,2156	10,245
51,2556	10,637
51,2956	10,901
51,3356	11,029
51,3756	11,018
51,4156	10,867
51,4556	10,581
51,4956	10,166
51,5356	9,634
51,5756	8,994
51,6156	8,264
51,6556	7,461
51,6956	6,607
51,7356	5,715
51,7756	4,810
51,8156	3,916
51,8556	3,058
51,8956	2,260
51,9356	1,543
51,9756	0,917
52,0156	0,402
52,0556	0,009
52,0956	-0,251
52,1356	-0,372
52,1756	-0,352
52,2156	-0,188
52,2556	0,112
52,2956	0,539
52,3356	1,085
52,3756	1,734
52,4156	2,474
52,4556	3,283
52,4956	4,145
52,5356	5,039
52,5756	5,942
52,6156	6,830
52,6556	7,680
52,6956	8,474
52,7356	9,195
52,7756	9,824
52,8156	10,347
52,8556	10,751
52,8956	11,022
52,9356	11,154
52,9756	11,145
53,0156	10,991
53,0556	10,699
53,0956	10,273
53,1356	9,730
53,1756	9,085
53,2156	8,368
53,2556	7,589
53,2956	6,753
53,3356	5,876
53,3756	4,981
53,4156	4,090
53,4556	3,231
53,4956	2,425
53,5356	1,690
53,5756	1,046
53,6156	0,507
53,6556	0,088
53,6956	-0,201
53,7356	-0,352
53,7756	-0,360
53,8156	-0,226
53,8556	0,047
53,8956	0,451
53,9356	0,974
53,9756	1,607
54,0156	2,333
54,0556	3,134
54,0956	3,991
54,1356	4,888
54,1756	5,796
54,2156	6,696
54,2556	7,560
54,2956	8,374
54,3356	9,117
54,3756	9,770
54,4156	10,320
54,4556	10,751
54,4956	11,047
54,5356	11,204
54,5756	11,217
54,6156	11,084
54,6556	10,807
54,6956	10,394
54,7356	9,854
54,7756	9,200
54,8156	8,448
54,8556	7,615
54,8956	6,723
54,9356	5,790
54,9756	4,840
55,0156	3,899
55,0556	2,994
55,0956	2,149
55,1356	1,382
55,1756	0,715
55,2156	0,160
55,2556	-0,264
55,2956	-0,548
55,3356	-0,683
55,3756	-0,666
55,4156	-0,500
55,4556	-0,187
55,4956	0,265
55,5356	0,844
55,5756	1,535
55,6156	2,320
55,6556	3,182
55,6956	4,103
55,7356	5,058
55,7756	6,022
55,8156	6,971
55,8556	7,879
55,8956	8,729
55,9356	9,499
55,9756	10,169
56,0156	10,724
56,0556	11,148
56,0956	11,429
56,1356	11,558
56,1756	11,531
56,2156	11,347
56,2556	11,014
56,2956	10,537
56,3356	9,927
56,3756	9,206
56,4156	8,402
56,4556	7,537
56,4956	6,613
56,5356	5,650
56,5756	4,673
56,6156	3,710
56,6556	2,788
56,6956	1,935
56,7356	1,169
56,7756	0,504
56,8156	-0,041
56,8556	-0,449
56,8956	-0,713
56,9356	-0,823
56,9756	-0,778
57,0156	-0,578
57,0556	-0,228
57,0956	0,261
57,1356	0,878
57,1756	1,607
57,2156	2,430
57,2556	3,329
57,2956	4,282
57,3356	5,265
57,3756	6,253
57,4156	7,219
57,4556	8,138
57,4956	8,994
57,5356	9,763
57,5756	10,427
57,6156	10,966
57,6556	11,368
57,6956	11,619
57,7356	11,713
57,7756	11,647
57,8156	11,421
57,8556	11,041
57,8956	10,516
57,9356	9,860
57,9756	9,089
58,0156	8,236
58,0556	7,318
58,0956	6,346
58,1356	5,344
58,1756	4,335
58,2156	3,352
58,2556	2,417
58,2956	1,558
58,3356	0,795
58,3756	0,143
58,4156	-0,379
58,4556	-0,756
58,4956	-0,977
58,5356	-1,038
58,5756	-0,935
58,6156	-0,672
58,6556	-0,258
58,6956	0,298
58,7356	0,982
58,7756	1,775
58,8156	2,659
58,8556	3,614
58,8956	4,617
58,9356	5,641
58,9756	6,659
59,0156	7,642
59,0556	8,572
59,0956	9,426
59,1356	10,182
59,1756	10,821
59,2156	11,325
59,2556	11,682
59,2956	11,878
59,3356	11,910
59,3756	11,775
59,4156	11,478
59,4556	11,024
59,4956	10,425
59,5356	9,698
59,5756	8,870
59,6156	7,973
59,6556	7,017
59,6956	6,011
59,7356	4,986
59,7756	3,965
59,8156	2,981
59,8556	2,062
59,8956	1,230
59,9356	0,498
59,9756	-0,112
60,0156	-0,584
60,0556	-0,908
60,0956	-1,071
60,1356	-1,071
60,1756	-0,906
60,2156	-0,584
60,2556	-0,113
60,2956	0,495
60,3356	1,224
60,3756	2,055
60,4156	2,970
60,4556	3,947
60,4956	4,964
60,5356	5,989
60,5756	6,998
60,6156	7,966
60,6556	8,869
60,6956	9,689
60,7356	10,403
60,7756	10,994
60,8156	11,446
60,8556	11,746
60,8956	11,885
60,9356	11,860
60,9756	11,668
61,0156	11,318
61,0556	10,815
61,0956	10,174
61,1356	9,414
61,1756	8,564
61,2156	7,651
61,2556	6,684
61,2956	5,675
61,3356	4,654
61,3756	3,649
61,4156	2,689
61,4556	1,800
61,4956	1,002
61,5356	0,311
61,5756	-0,253
61,6156	-0,677
61,6556	-0,949
61,6956	-1,060
61,7356	-1,008
61,7756	-0,795
61,8156	-0,427
61,8556	0,085
61,8956	0,729
61,9356	1,486
61,9756	2,340
62,0156	3,270
62,0556	4,255
62,0956	5,268
62,1356	6,285
62,1756	7,274
62,2156	8,215
62,2556	9,089
62,2956	9,871
62,3356	10,545
62,3756	11,090
62,4156	11,495
62,4556	11,745
62,4956	11,836
62,5356	11,764
62,5756	11,531
62,6156	11,142
62,6556	10,606
62,6956	9,938
62,7356	9,158
62,7756	8,300
62,8156	7,383
62,8556	6,414
62,8956	5,411
62,9356	4,403
62,9756	3,420
63,0156	2,493
63,0556	1,643
63,0956	0,886
63,1356	0,242
63,1756	-0,275
63,2156	-0,649
63,2556	-0,872
63,2956	-0,938
63,3356	-0,844
63,3756	-0,595
63,4156	-0,198
63,4556	0,338
63,4956	0,997
63,5356	1,764
63,5756	2,619
63,6156	3,542
63,6556	4,514
63,6956	5,507
63,7356	6,497
63,7756	7,453
63,8156	8,360
63,8556	9,194
63,8956	9,935
63,9356	10,567
63,9756	11,069
64,0156	11,432
64,0556	11,643
64,0956	11,698
64,1356	11,592
64,1756	11,332
64,2156	10,920
64,2556	10,367
64,2956	9,690
64,3356	8,913
64,3756	8,064
64,4156	7,157
64,4556	6,200
64,4956	5,217
64,5356	4,232
64,5756	3,277
64,6156	2,377
64,6556	1,555
64,6956	0,828
64,7356	0,214
64,7756	-0,273
64,8156	-0,619
64,8556	-0,815
64,8956	-0,855
64,9356	-0,737
64,9756	-0,468
65,0156	-0,052
65,0556	0,498
65,0956	1,169
65,1356	1,943
65,1756	2,804
65,2156	3,731
65,2556	4,701
65,2956	5,691
65,3356	6,671
65,3756	7,618
65,4156	8,511
65,4556	9,329
65,4956	10,052
65,5356	10,661
65,5756	11,142
65,6156	11,479
65,6556	11,663
65,6956	11,690
65,7356	11,556
65,7756	11,266
65,8156	10,824
65,8556	10,246
65,8956	9,546
65,9356	8,752
65,9756	7,892
66,0156	6,971
66,0556	6,004
66,0956	5,012
66,1356	4,026
66,1756	3,071
66,2156	2,176
66,2556	1,360
66,2956	0,644
66,3356	0,044
66,3756	-0,423
66,4156	-0,743
66,4556	-0,911
66,4956	-0,919
66,5356	-0,767
66,5756	-0,460
66,6156	-0,008
66,6556	0,581
66,6956	1,288
66,7356	2,099
66,7756	2,992
66,8156	3,949
66,8556	4,946
66,8956	5,956
66,9356	6,951
66,9756	7,907
67,0156	8,803
67,0556	9,618
67,0956	10,330
67,1356	10,922
67,1756	11,376
67,2156	11,680
67,2556	11,825
67,2956	11,806
67,3356	11,622
67,3756	11,278
67,4156	10,782
67,4556	10,147
67,4956	9,390
67,5356	8,548
67,5756	7,642
67,6156	6,676
67,6556	5,671
67,6956	4,651
67,7356	3,644
67,7756	2,683
67,8156	1,789
67,8556	0,985
67,8956	0,289
67,9356	-0,281
67,9756	-0,708
68,0156	-0,983
68,0556	-1,095
68,0956	-1,043
68,1356	-0,826
68,1756	-0,454
68,2156	0,066
68,2556	0,719
68,2956	1,488
68,3356	2,355
68,3756	3,297
68,4156	4,298
68,4556	5,328
68,4956	6,359
68,5356	7,365
68,5756	8,322
68,6156	9,208
68,6556	10,003
68,6956	10,685
68,7356	11,236
68,7756	11,640
68,8156	11,886
68,8556	11,968
68,8956	11,882
68,9356	11,627
68,9756	11,212
69,0156	10,648
69,0556	9,946
69,0956	9,126
69,1356	8,209
69,1756	7,218
69,2156	6,172
69,2556	5,100
69,2956	4,031
69,3356	2,994
69,3756	2,018
69,4156	1,129
69,4556	0,344
69,4956	-0,316
69,5356	-0,831
69,5756	-1,189
69,6156	-1,378
69,6556	-1,393
69,6956	-1,235
69,7356	-0,908
69,7756	-0,421
69,8156	0,210
69,8556	0,972
69,8956	1,843
69,9356	2,804
69,9756	3,831
70,0156	4,901
70,0556	5,985
70,0956	7,050
70,1356	8,072
70,1756	9,029
70,2156	9,898
70,2556	10,655
70,2956	11,283
70,3356	11,761
70,3756	12,078
70,4156	12,224
70,4556	12,194
70,4956	11,990
70,5356	11,616
70,5756	11,082
70,6156	10,399
70,6556	9,590
70,6956	8,687
70,7356	7,717
70,7756	6,690
70,8156	5,622
70,8556	4,543
70,8956	3,484
70,9356	2,477
70,9756	1,550
71,0156	0,718
71,0556	0,003
71,0956	-0,578
71,1356	-1,008
71,1756	-1,277
71,2156	-1,373
71,2556	-1,297
71,2956	-1,051
71,3356	-0,641
71,3756	-0,080
71,4156	0,616
71,4556	1,431
71,4956	2,344
71,5356	3,333
71,5756	4,375
71,6156	5,444
71,6556	6,509
71,6956	7,545
71,7356	8,523
71,7756	9,425
71,8156	10,227
71,8556	10,911
71,8956	11,457
71,9356	11,850
71,9756	12,079
72,0156	12,138
72,0556	12,024
72,0956	11,742
72,1356	11,297
72,1756	10,702
72,2156	9,970
72,2556	9,122
72,2956	8,179
72,3356	7,166
72,3756	6,103
72,4156	5,017
72,4556	3,938
72,4956	2,898
72,5356	1,929
72,5756	1,049
72,6156	0,278
72,6556	-0,364
72,6956	-0,864
72,7356	-1,203
72,7756	-1,374
72,8156	-1,373
72,8556	-1,199
72,8956	-0,858
72,9356	-0,361
72,9756	0,280
73,0156	1,045
73,0556	1,916
73,0956	2,873
73,1356	3,894
73,1756	4,951
73,2156	6,019
73,2556	7,067
73,2956	8,069
73,3356	9,005
73,3756	9,850
73,4156	10,587
73,4556	11,193
73,4956	11,655
73,5356	11,957
73,5756	12,094
73,6156	12,061
73,6556	11,858
73,6956	11,492
73,7356	10,970
73,7756	10,306
73,8156	9,521
73,8556	8,638
73,8956	7,689
73,9356	6,687
73,9756	5,645
74,0156	4,595
74,0556	3,561
74,0956	2,575
74,1356	1,660
74,1756	0,839
74,2156	0,130
74,2556	-0,445
74,2956	-0,875
74,3356	-1,147
74,3756	-1,250
74,4156	-1,186
74,4556	-0,953
74,4956	-0,564
74,5356	-0,025
74,5756	0,647
74,6156	1,434
74,6556	2,318
74,6956	3,280
74,7356	4,293
74,7756	5,336
74,8156	6,376
74,8556	7,389
74,8956	8,349
74,9356	9,236
74,9756	10,028
75,0156	10,707
75,0556	11,253
75,0956	11,654
75,1356	11,896
75,1756	11,974
75,2156	11,885
75,2556	11,630
75,2956	11,219
75,3356	10,658
75,3756	9,964
75,4156	9,159
75,4556	8,281
75,4956	7,345
75,5356	6,359
75,5756	5,339
75,6156	4,318
75,6556	3,322
75,6956	2,380
75,7356	1,513
75,7756	0,743
75,8156	0,086
75,8556	-0,437
75,8956	-0,814
75,9356	-1,035
75,9756	-1,093
76,0156	-0,986
76,0556	-0,718
76,0956	-0,298
76,1356	0,262
76,1756	0,952
76,2156	1,750
76,2556	2,637
76,2956	3,596
76,3356	4,601
76,3756	5,628
76,4156	6,648
76,4556	7,633
76,4956	8,564
76,5356	9,417
76,5756	10,171
76,6156	10,809
76,6556	11,313
76,6956	11,668
76,7356	11,864
76,7756	11,897
76,8156	11,765
76,8556	11,472
76,8956	11,022
76,9356	10,429
76,9756	9,704
77,0156	8,870
77,0556	7,947
77,0956	6,955
77,1356	5,919
77,1756	4,863
77,2156	3,817
77,2556	2,813
77,2956	1,882
77,3356	1,040
77,3756	0,305
77,4156	-0,303
77,4556	-0,770
77,4956	-1,079
77,5356	-1,224
77,5756	-1,200
77,6156	-1,008
77,6556	-0,655
77,6956	-0,151
77,7356	0,492
77,7756	1,255
77,8156	2,122
77,8556	3,069
77,8956	4,079
77,9356	5,122
77,9756	6,173
78,0156	7,201
78,0556	8,184
78,0956	9,098
78,1356	9,921
78,1756	10,634
78,2156	11,219
78,2556	11,655
78,2956	11,935
78,3356	12,048
78,3756	11,990
78,4156	11,764
78,4556	11,374
78,4956	10,831
78,5356	10,146
78,5756	9,337
78,6156	8,427
78,6556	7,441
78,6956	6,399
78,7356	5,325
78,7756	4,247
78,8156	3,195
78,8556	2,201
78,8956	1,286
78,9356	0,474
78,9756	-0,215
79,0156	-0,765
79,0556	-1,158
79,0956	-1,381
79,1356	-1,431
79,1756	-1,305
79,2156	-1,008
79,2556	-0,550
79,2956	0,061
79,3356	0,804
79,3756	1,663
79,4156	2,617
79,4556	3,643
79,4956	4,717
79,5356	5,810
79,5756	6,893
79,6156	7,936
79,6556	8,916
79,6956	9,813
79,7356	10,601
79,7756	11,261
79,8156	11,772
79,8556	12,122
79,8956	12,298
79,9356	12,296
79,9756	12,114
80,0156	11,757
80,0556	11,236
80,0956	10,559
80,1356	9,747
80,1756	8,820
80,2156	7,801
80,2556	6,715
80,2956	5,587
80,3356	4,447
80,3756	3,327
80,4156	2,262
80,4556	1,279
80,4956	0,399
80,5356	-0,357
80,5756	-0,968
80,6156	-1,415
80,6556	-1,687
80,6956	-1,773
80,7356	-1,674
80,7756	-1,392
80,8156	-0,935
80,8556	-0,314
80,8956	0,452
80,9356	1,343
80,9756	2,339
81,0156	3,415
81,0556	4,547
81,0956	5,704
81,1356	6,853
81,1756	7,964
81,2156	9,015
81,2556	9,976
81,2956	10,826
81,3356	11,541
81,3756	12,097
81,4156	12,482
81,4556	12,683
81,4956	12,695
81,5356	12,519
81,5756	12,160
81,6156	11,621
81,6556	10,915
81,6956	10,064
81,7356	9,096
81,7756	8,049
81,8156	6,940
81,8556	5,784
81,8956	4,610
81,9356	3,451
81,9756	2,344
82,0156	1,315
82,0556	0,390
82,0956	-0,412
82,1356	-1,067
82,1756	-1,555
82,2156	-1,863
82,2556	-1,981
82,2956	-1,909
82,3356	-1,646
82,3756	-1,203
82,4156	-0,587
82,4556	0,181
82,4956	1,081
82,5356	2,092
82,5756	3,190
82,6156	4,348
82,6556	5,539
82,6956	6,723
82,7356	7,874
82,7756	8,963
82,8156	9,967
82,8556	10,857
82,8956	11,610
82,9356	12,204
82,9756	12,623
83,0156	12,855
83,0556	12,898
83,0956	12,752
83,1356	12,419
83,1756	11,903
83,2156	11,217
83,2556	10,375
83,2956	9,401
83,3356	8,327
83,3756	7,185
83,4156	5,989
83,4556	4,772
83,4956	3,567
83,5356	2,413
83,5756	1,338
83,6156	0,368
83,6556	-0,476
83,6956	-1,170
83,7356	-1,695
83,7756	-2,036
83,8156	-2,182
83,8556	-2,130
83,8956	-1,883
83,9356	-1,447
83,9756	-0,833
84,0156	-0,058
84,0556	0,855
84,0956	1,883
84,1356	3,005
84,1756	4,191
84,2156	5,415
84,2556	6,635
84,2956	7,824
84,3356	8,954
84,3756	9,997
84,4156	10,926
84,4556	11,718
84,4956	12,346
84,5356	12,796
84,5756	13,053
84,6156	13,118
84,6556	12,986
84,6956	12,662
84,7356	12,149
84,7756	11,456
84,8156	10,603
84,8556	9,612
84,8956	8,522
84,9356	7,369
84,9756	6,161
85,0156	4,924
85,0556	3,695
85,0956	2,509
85,1356	1,398
85,1756	0,388
85,2156	-0,496
85,2556	-1,228
85,2956	-1,789
85,3356	-2,160
85,3756	-2,331
85,4156	-2,298
85,4556	-2,061
85,4956	-1,630
85,5356	-1,015
85,5756	-0,232
85,6156	0,696
85,6556	1,745
85,6956	2,892
85,7356	4,109
85,7756	5,364
85,8156	6,622
85,8556	7,849
85,8956	9,015
85,9356	10,094
85,9756	11,058
86,0156	11,878
86,0556	12,532
86,0956	13,000
86,1356	13,275
86,1756	13,360
86,2156	13,256
86,2556	12,967
86,2956	12,497
86,3356	11,850
86,3756	11,046
86,4156	10,100
86,4556	9,053
86,4956	7,937
86,5356	6,775
86,5756	5,583
86,6156	4,389
86,6556	3,234
86,6956	2,150
86,7356	1,164
86,7756	0,298
86,8156	-0,424
86,8556	-0,982
86,8956	-1,360
86,9356	-1,546
86,9756	-1,535
87,0156	-1,326
87,0556	-0,925
87,0956	-0,346
87,1356	0,399
87,1756	1,286
87,2156	2,297
87,2556	3,405
87,2956	4,587
87,3356	5,810
87,3756	7,036
87,4156	8,237
87,4556	9,386
87,4956	10,451
87,5356	11,407
87,5756	12,222
87,6156	12,879
87,6556	13,353
87,6956	13,641
87,7356	13,740
87,7756	13,653
87,8156	13,389
87,8556	12,956
87,8956	12,364
87,9356	11,629
87,9756	10,765
88,0156	9,802
88,0556	8,765
88,0956	7,700
88,1356	6,619
88,1756	5,537
88,2156	4,488
88,2556	3,498
88,2956	2,600
88,3356	1,816
88,3756	1,167
88,4156	0,668
88,4556	0,331
88,4956	0,173
88,5356	0,190
88,5756	0,388
88,6156	0,760
88,6556	1,294
88,6956	1,981
88,7356	2,801
88,7756	3,735
88,8156	4,761
88,8556	5,853
88,8956	6,981
88,9356	8,112
88,9756	9,225
89,0156	10,289
89,0556	11,280
89,0956	12,166
89,1356	12,923
89,1756	13,532
89,2156	13,972
89,2556	14,236
89,2956	14,310
89,3356	14,192
89,3756	13,889
89,4156	13,402
89,4556	12,745
89,4956	11,932
89,5356	10,981
89,5756	9,921
89,6156	8,781
89,6556	7,600
89,6956	6,398
89,7356	5,204
89,7756	4,053
89,8156	2,978
89,8556	2,018
89,8956	1,191
89,9356	0,518
89,9756	0,014
90,0156	-0,305
90,0556	-0,430
90,0956	-0,358
90,1356	-0,091
90,1756	0,363
90,2156	0,993
90,2556	1,783
90,2956	2,714
90,3356	3,765
90,3756	4,907
90,4156	6,112
90,4556	7,342
90,4956	8,570
90,5356	9,767
90,5756	10,901
90,6156	11,944
90,6556	12,862
90,6956	13,631
90,7356	14,231
90,7756	14,646
90,8156	14,866
90,8556	14,890
90,8956	14,715
90,9356	14,343
90,9756	13,779
91,0156	13,034
91,0556	12,127
91,0956	11,077
91,1356	9,913
91,1756	8,672
91,2156	7,384
91,2556	6,079
91,2956	4,791
91,3356	3,558
91,3756	2,424
91,4156	1,414
91,4556	0,551
91,4956	-0,141
91,5356	-0,647
91,5756	-0,946
91,6156	-1,032
91,6556	-0,900
91,6956	-0,558
91,7356	-0,013
91,7756	0,719
91,8156	1,619
91,8556	2,667
91,8956	3,837
91,9356	5,100
91,9756	6,420
92,0156	7,757
92,0556	9,081
92,0956	10,361
92,1356	11,566
92,1756	12,656
92,2156	13,600
92,2556	14,379
92,2956	14,970
92,3356	15,369
92,3756	15,574
92,4156	15,589
92,4556	15,417
92,4956	15,069
92,5356	14,553
92,5756	13,881
92,6156	13,067
92,6556	12,131
92,6956	11,096
92,7356	9,992
92,7756	8,850
92,8156	7,702
92,8556	6,572
92,8956	5,490
92,9356	4,489
92,9756	3,597
93,0156	2,840
93,0556	2,237
93,0956	1,806
93,1356	1,560
93,1756	1,505
93,2156	1,643
93,2556	1,971
93,2956	2,480
93,3356	3,157
93,3756	3,990
93,4156	4,956
93,4556	6,029
93,4956	7,180
93,5356	8,377
93,5756	9,598
93,6156	10,809
93,6556	11,976
93,6956	13,067
93,7356	14,052
93,7756	14,904
93,8156	15,601
93,8556	16,123
93,8956	16,459
93,9356	16,606
93,9756	16,569
94,0156	16,349
94,0556	15,964
94,0956	15,414
94,1356	14,718
94,1756	13,891
94,2156	12,950
94,2556	11,922
94,2956	10,828
94,3356	9,706
94,3756	8,586
94,4156	7,496
94,4556	6,464
94,4956	5,513
94,5356	4,678
94,5756	3,977
94,6156	3,435
94,6556	3,069
94,6956	2,892
94,7356	2,912
94,7756	3,105
94,8156	3,481
94,8556	4,031
94,8956	4,745
94,9356	5,605
94,9756	6,585
95,0156	7,662
95,0556	8,809
95,0956	10,000
95,1356	11,203
95,1756	12,386
95,2156	13,514
95,2556	14,555
95,2956	15,486
95,3356	16,280
95,3756	16,913
95,4156	17,367
95,4556	17,631
95,4956	17,708
95,5356	17,598
95,5756	17,307
95,6156	16,848
95,6556	16,229
95,6956	15,466
95,7356	14,580
95,7756	13,591
95,8156	12,524
95,8556	11,402
95,8956	10,264
95,9356	9,137
95,9756	8,055
96,0156	7,048
96,0556	6,136
96,0956	5,349
96,1356	4,708
96,1756	4,235
96,2156	3,943
96,2556	3,841
96,2956	3,930
96,3356	4,205
96,3756	4,662
96,4156	5,292
96,4556	6,076
96,4956	6,993
96,5356	8,019
96,5756	9,129
96,6156	10,298
96,6556	11,495
96,6956	12,687
96,7356	13,837
96,7756	14,923
96,8156	15,912
96,8556	16,782
96,8956	17,510
96,9356	18,069
96,9756	18,452
97,0156	18,652
97,0556	18,674
97,0956	18,521
97,1356	18,207
97,1756	17,734
97,2156	17,117
97,2556	16,371
97,2956	15,523
